Test Results using: 
 
3-fold BALANCED validations.
 
K values: 
  5.0000  7.0000 11.0000 15.0000 19.0000 21.0000 31.0000 51.0000 81.0000101.0000151.0000

With 1 iterations per parameter value.
 
//////////////////////////////////////////////////////////////////////////////////////////////////////////////////////
//////////////////////////////////////////////////////////////////////////////////////////////////////////////////////
 
Starting test 1/10
Folder name: 0BC25B01-7420-DD20-A1C8-3B2BD6C87CB0_1to4255
 
//////////////////////////////////////////////////////////////////////////////////////////////////////////////////////
//////////////////////////////////////////////////////////////////////////////////////////////////////////////////////
 
 
------------------------------------------------------------------------------------------------
 
K = 5 --> 1/11
 
------------------------------------------------------------------------------------------------
 
Starting validation iteration 1/1...
 
Error class 1: 0.46473
Error class 2: 0.23686
Error class 3: 0.58891
 
Confusion matrix:
    1    2    3    
1  0.53527     0.23386     0.23087
2  0.068543     0.76314     0.16832
3  0.21452      0.3744     0.41109
 
>>> Total error: 0.31522
 
 
------------------------------------------------------------------------------------------------
 
K = 7 --> 2/11
 
------------------------------------------------------------------------------------------------
 
Starting validation iteration 1/1...
 
Error class 1: 0.49891
Error class 2: 0.21913
Error class 3: 0.56427
 
Confusion matrix:
    1    2    3    
1  0.50109     0.24417     0.25475
2  0.049963     0.78087     0.16917
3  0.17354     0.39073     0.43573
 
>>> Total error: 0.30351
 
 
------------------------------------------------------------------------------------------------
 
K = 11 --> 3/11
 
------------------------------------------------------------------------------------------------
 
Starting validation iteration 1/1...
 
Error class 1: 0.50895
Error class 2: 0.20488
Error class 3: 0.56401
 
Confusion matrix:
    1    2    3    
1  0.49105     0.25909     0.24986
2  0.045679     0.79512      0.1592
3  0.16176     0.40225     0.43599
 
>>> Total error: 0.29442
 
 
------------------------------------------------------------------------------------------------
 
K = 15 --> 4/11
 
------------------------------------------------------------------------------------------------
 
Starting validation iteration 1/1...
 
Error class 1: 0.52523
Error class 2: 0.19427
Error class 3: 0.55356
 
Confusion matrix:
    1    2    3    
1  0.47477     0.25882     0.26641
2  0.040498     0.80573     0.15377
3  0.15158     0.40198     0.44644
 
>>> Total error: 0.28743
 
 
------------------------------------------------------------------------------------------------
 
K = 19 --> 5/11
 
------------------------------------------------------------------------------------------------
 
Starting validation iteration 1/1...
 
Error class 1: 0.53663
Error class 2: 0.18371
Error class 3: 0.55651
 
Confusion matrix:
    1    2    3    
1  0.46337     0.27265     0.26397
2  0.037161     0.81629     0.14655
3  0.14488     0.41162     0.44349
 
>>> Total error: 0.28165
 
 
------------------------------------------------------------------------------------------------
 
K = 21 --> 6/11
 
------------------------------------------------------------------------------------------------
 
Starting validation iteration 1/1...
 
Error class 1: 0.53635
Error class 2: 0.18152
Error class 3: 0.57097
 
Confusion matrix:
    1    2    3    
1  0.46365     0.26967     0.26668
2  0.037161     0.81848     0.14436
3  0.14971     0.42126     0.42903
 
>>> Total error: 0.28198
 
 
------------------------------------------------------------------------------------------------
 
K = 31 --> 7/11
 
------------------------------------------------------------------------------------------------
 
Starting validation iteration 1/1...
 
Error class 1: 0.55507
Error class 2: 0.16951
Error class 3: 0.59213
 
Confusion matrix:
    1    2    3    
1  0.44493     0.30087     0.25421
2  0.033425     0.83049     0.13609
3  0.1481     0.44403     0.40787
 
>>> Total error: 0.2786
 
 
------------------------------------------------------------------------------------------------
 
K = 51 --> 8/11
 
------------------------------------------------------------------------------------------------
 
Starting validation iteration 1/1...
 
Error class 1: 0.58275
Error class 2: 0.15258
Error class 3: 0.61918
 
Confusion matrix:
    1    2    3    
1  0.41725      0.3299     0.25285
2  0.030934     0.84742     0.12164
3  0.15399     0.46518     0.38082
 
>>> Total error: 0.27361
 
 
------------------------------------------------------------------------------------------------
 
K = 81 --> 9/11
 
------------------------------------------------------------------------------------------------
 
Starting validation iteration 1/1...
 
Error class 1: 0.60553
Error class 2: 0.13888
Error class 3: 0.64569
 
Confusion matrix:
    1    2    3    
1  0.39447     0.36544      0.2401
2  0.031681     0.86112      0.1072
3  0.1489     0.49679     0.35431
 
>>> Total error: 0.27027
 
 
------------------------------------------------------------------------------------------------
 
K = 101 --> 10/11
 
------------------------------------------------------------------------------------------------
 
Starting validation iteration 1/1...
 
Error class 1: 0.61937
Error class 2: 0.13001
Error class 3: 0.66658
 
Confusion matrix:
    1    2    3    
1  0.38063     0.38578     0.23359
2  0.029788     0.86999     0.10022
3  0.14408      0.5225     0.33342
 
>>> Total error: 0.26849
 
 
------------------------------------------------------------------------------------------------
 
K = 151 --> 11/11
 
------------------------------------------------------------------------------------------------
 
Starting validation iteration 1/1...
 
Error class 1: 0.64514
Error class 2: 0.11661
Error class 3: 0.70273
 
Confusion matrix:
    1    2    3    
1  0.35486     0.42838     0.21677
2  0.027049     0.88339    0.089564
3  0.14328     0.55945     0.29727
 
>>> Total error: 0.26707
 
##################################################################
 
K values: 
  5.0000  7.0000 11.0000 15.0000 19.0000 21.0000 31.0000 51.0000 81.0000101.0000151.0000

Mean error: 
  0.3152
  0.3035
  0.2944
  0.2874
  0.2817
  0.2820
  0.2786
  0.2736
  0.2703
  0.2685
  0.2671

 
Weighted errors (0.33333 max) for class T
  0.1549
  0.1663
  0.1697
  0.1751
  0.1789
  0.1788
  0.1850
  0.1942
  0.2018
  0.2065
  0.2150

Weighted errors (0.33333 max) for class S
  0.0790
  0.0730
  0.0683
  0.0648
  0.0612
  0.0605
  0.0565
  0.0509
  0.0463
  0.0433
  0.0389

Weighted errors (0.33333 max) for class M
  0.1963
  0.1881
  0.1880
  0.1845
  0.1855
  0.1903
  0.1974
  0.2064
  0.2152
  0.2222
  0.2342

 
Weighted errors mean sum: 
  0.4302
  0.4274
  0.4259
  0.4244
  0.4256
  0.4296
  0.4389
  0.4515
  0.4634
  0.4720
  0.4882

 
Best K: 15
 
 
 >>>>>>>>>> Error class 1: 0.5679
 >>>>>>>>>> Error class 2: 0.10158
 >>>>>>>>>> Error class 3: 0.66284
 
Confusion matrix:
    1    2    3    
1  0.4321     0.40212     0.16578
2  0.028605     0.89842    0.072971
3  0.2069     0.45594     0.33716
 
>>>>>>>>>>>>>>>>>> Total error: 0.19817
 
##################################################################
 
//////////////////////////////////////////////////////////////////////////////////////////////////////////////////////
//////////////////////////////////////////////////////////////////////////////////////////////////////////////////////
 
Starting test 2/10
Folder name: 2E1048A6ECT_1to1156
 
//////////////////////////////////////////////////////////////////////////////////////////////////////////////////////
//////////////////////////////////////////////////////////////////////////////////////////////////////////////////////
 
 
------------------------------------------------------------------------------------------------
 
K = 5 --> 1/11
 
------------------------------------------------------------------------------------------------
 
Starting validation iteration 1/1...
 
Error class 1: 0.47321
Error class 2: 0.20052
Error class 3: 0.61923
 
Confusion matrix:
    1    2    3    
1  0.52679     0.24261      0.2306
2  0.071361     0.79948     0.12916
3  0.24024     0.37899     0.38077
 
>>> Total error: 0.28238
 
 
------------------------------------------------------------------------------------------------
 
K = 7 --> 2/11
 
------------------------------------------------------------------------------------------------
 
Starting validation iteration 1/1...
 
Error class 1: 0.50726
Error class 2: 0.18174
Error class 3: 0.59586
 
Confusion matrix:
    1    2    3    
1  0.49274     0.25413     0.25313
2  0.05267     0.81826     0.12907
3  0.20325      0.3926     0.40414
 
>>> Total error: 0.26999
 
 
------------------------------------------------------------------------------------------------
 
K = 11 --> 3/11
 
------------------------------------------------------------------------------------------------
 
Starting validation iteration 1/1...
 
Error class 1: 0.51052
Error class 2: 0.16615
Error class 3: 0.59172
 
Confusion matrix:
    1    2    3    
1  0.48948     0.25739     0.25313
2  0.047028     0.83385     0.11912
3  0.18817     0.40355     0.40828
 
>>> Total error: 0.25812
 
 
------------------------------------------------------------------------------------------------
 
K = 15 --> 4/11
 
------------------------------------------------------------------------------------------------
 
Starting validation iteration 1/1...
 
Error class 1: 0.52604
Error class 2: 0.15848
Error class 3: 0.59408
 
Confusion matrix:
    1    2    3    
1  0.47396     0.26715     0.25889
2  0.041817     0.84152     0.11667
3  0.1784     0.41568     0.40592
 
>>> Total error: 0.25459
 
 
------------------------------------------------------------------------------------------------
 
K = 19 --> 5/11
 
------------------------------------------------------------------------------------------------
 
Starting validation iteration 1/1...
 
Error class 1: 0.54081
Error class 2: 0.14892
Error class 3: 0.59349
 
Confusion matrix:
    1    2    3    
1  0.45919     0.28543     0.25538
2  0.037425     0.85108      0.1115
3  0.16775     0.42574     0.40651
 
>>> Total error: 0.2492
 
 
------------------------------------------------------------------------------------------------
 
K = 21 --> 6/11
 
------------------------------------------------------------------------------------------------
 
Starting validation iteration 1/1...
 
Error class 1: 0.54281
Error class 2: 0.14612
Error class 3: 0.59704
 
Confusion matrix:
    1    2    3    
1  0.45719     0.29144     0.25138
2  0.0382     0.85388     0.10792
3  0.17012     0.42692     0.40296
 
>>> Total error: 0.24773
 
 
------------------------------------------------------------------------------------------------
 
K = 31 --> 7/11
 
------------------------------------------------------------------------------------------------
 
Starting validation iteration 1/1...
 
Error class 1: 0.5671
Error class 2: 0.13329
Error class 3: 0.6145
 
Confusion matrix:
    1    2    3    
1  0.4329     0.32148     0.24562
2  0.032429     0.86671     0.10086
3  0.16805     0.44645      0.3855
 
>>> Total error: 0.24309
 
 
------------------------------------------------------------------------------------------------
 
K = 51 --> 8/11
 
------------------------------------------------------------------------------------------------
 
Starting validation iteration 1/1...
 
Error class 1: 0.58763
Error class 2: 0.12136
Error class 3: 0.64556
 
Confusion matrix:
    1    2    3    
1  0.41237     0.35128     0.23635
2  0.031395     0.87864    0.089966
3  0.16864     0.47692     0.35444
 
>>> Total error: 0.24015
 
 
------------------------------------------------------------------------------------------------
 
K = 81 --> 9/11
 
------------------------------------------------------------------------------------------------
 
Starting validation iteration 1/1...
 
Error class 1: 0.60991
Error class 2: 0.1112
Error class 3: 0.67308
 
Confusion matrix:
    1    2    3    
1  0.39009     0.39084     0.21908
2  0.030749      0.8888    0.080448
3  0.16509     0.50799     0.32692
 
>>> Total error: 0.23838
 
 
------------------------------------------------------------------------------------------------
 
K = 101 --> 10/11
 
------------------------------------------------------------------------------------------------
 
Starting validation iteration 1/1...
 
Error class 1: 0.62068
Error class 2: 0.10327
Error class 3: 0.68876
 
Confusion matrix:
    1    2    3    
1  0.37932     0.41187     0.20881
2  0.029156     0.89673    0.074117
3  0.16361     0.52515     0.31124
 
>>> Total error: 0.2355
 
 
------------------------------------------------------------------------------------------------
 
K = 151 --> 11/11
 
------------------------------------------------------------------------------------------------
 
Starting validation iteration 1/1...
 
Error class 1: 0.64071
Error class 2: 0.091128
Error class 3: 0.7355
 
Confusion matrix:
    1    2    3    
1  0.35929     0.44867     0.19204
2  0.027778     0.90887    0.063351
3  0.16538     0.57012      0.2645
 
>>> Total error: 0.23407
 
##################################################################
 
K values: 
  5.0000  7.0000 11.0000 15.0000 19.0000 21.0000 31.0000 51.0000 81.0000101.0000151.0000

Mean error: 
  0.2824
  0.2700
  0.2581
  0.2546
  0.2492
  0.2477
  0.2431
  0.2401
  0.2384
  0.2355
  0.2341

 
Weighted errors (0.33333 max) for class T
  0.1577
  0.1691
  0.1702
  0.1753
  0.1803
  0.1809
  0.1890
  0.1959
  0.2033
  0.2069
  0.2136

Weighted errors (0.33333 max) for class S
  0.0668
  0.0606
  0.0554
  0.0528
  0.0496
  0.0487
  0.0444
  0.0405
  0.0371
  0.0344
  0.0304

Weighted errors (0.33333 max) for class M
  0.2064
  0.1986
  0.1972
  0.1980
  0.1978
  0.1990
  0.2048
  0.2152
  0.2244
  0.2296
  0.2452

 
Weighted errors mean sum: 
  0.4310
  0.4283
  0.4228
  0.4262
  0.4277
  0.4287
  0.4383
  0.4515
  0.4647
  0.4709
  0.4891

 
Best K: 11
 
 
 >>>>>>>>>> Error class 1: 0.65637
 >>>>>>>>>> Error class 2: 0.14235
 >>>>>>>>>> Error class 3: 0.83089
 
Confusion matrix:
    1    2    3    
1  0.34363     0.44402     0.21236
2  0.05694     0.85765    0.085409
3  0.004878     0.82602     0.16911
 
>>>>>>>>>>>>>>>>>> Total error: 0.62424
 
##################################################################
 
//////////////////////////////////////////////////////////////////////////////////////////////////////////////////////
//////////////////////////////////////////////////////////////////////////////////////////////////////////////////////
 
Starting test 3/10
Folder name: 5FA739A3-AAC4-E84B-F7CB-2179AD879AE3_1to285
 
//////////////////////////////////////////////////////////////////////////////////////////////////////////////////////
//////////////////////////////////////////////////////////////////////////////////////////////////////////////////////
 
 
------------------------------------------------------------------------------------------------
 
K = 5 --> 1/11
 
------------------------------------------------------------------------------------------------
 
Starting validation iteration 1/1...
 
Error class 1: 0.45807
Error class 2: 0.22602
Error class 3: 0.58451
 
Confusion matrix:
    1    2    3    
1  0.54193     0.22065     0.23742
2  0.07448     0.77398     0.15154
3  0.22351       0.361     0.41549
 
>>> Total error: 0.3024
 
 
------------------------------------------------------------------------------------------------
 
K = 7 --> 2/11
 
------------------------------------------------------------------------------------------------
 
Starting validation iteration 1/1...
 
Error class 1: 0.49398
Error class 2: 0.20659
Error class 3: 0.56054
 
Confusion matrix:
    1    2    3    
1  0.50602     0.23364     0.26034
2  0.056086     0.79341     0.15051
3  0.1892     0.37134     0.43946
 
>>> Total error: 0.28985
 
 
------------------------------------------------------------------------------------------------
 
K = 11 --> 3/11
 
------------------------------------------------------------------------------------------------
 
Starting validation iteration 1/1...
 
Error class 1: 0.49823
Error class 2: 0.19065
Error class 3: 0.5671
 
Confusion matrix:
    1    2    3    
1  0.50177      0.2438     0.25443
2  0.051659     0.80935     0.13899
3  0.17861      0.3885      0.4329
 
>>> Total error: 0.27945
 
 
------------------------------------------------------------------------------------------------
 
K = 15 --> 4/11
 
------------------------------------------------------------------------------------------------
 
Starting validation iteration 1/1...
 
Error class 1: 0.50744
Error class 2: 0.18162
Error class 3: 0.56483
 
Confusion matrix:
    1    2    3    
1  0.49256     0.24829     0.25915
2  0.045943     0.81838     0.13568
3  0.1723     0.39253     0.43517
 
>>> Total error: 0.27373
 
 
------------------------------------------------------------------------------------------------
 
K = 19 --> 5/11
 
------------------------------------------------------------------------------------------------
 
Starting validation iteration 1/1...
 
Error class 1: 0.52043
Error class 2: 0.17084
Error class 3: 0.57366
 
Confusion matrix:
    1    2    3    
1  0.47957     0.26577     0.25467
2  0.04143     0.82916     0.12941
3  0.16347     0.41019     0.42634
 
>>> Total error: 0.26862
 
 
------------------------------------------------------------------------------------------------
 
K = 21 --> 6/11
 
------------------------------------------------------------------------------------------------
 
Starting validation iteration 1/1...
 
Error class 1: 0.51736
Error class 2: 0.16851
Error class 3: 0.56912
 
Confusion matrix:
    1    2    3    
1  0.48264     0.26553     0.25183
2  0.041473     0.83149     0.12704
3  0.16171     0.40742     0.43088
 
>>> Total error: 0.26591
 
 
------------------------------------------------------------------------------------------------
 
K = 31 --> 7/11
 
------------------------------------------------------------------------------------------------
 
Starting validation iteration 1/1...
 
Error class 1: 0.53437
Error class 2: 0.15407
Error class 3: 0.60066
 
Confusion matrix:
    1    2    3    
1  0.46563     0.28703     0.24734
2  0.038594     0.84593     0.11548
3  0.16625     0.43441     0.39934
 
>>> Total error: 0.2615
 
 
------------------------------------------------------------------------------------------------
 
K = 51 --> 8/11
 
------------------------------------------------------------------------------------------------
 
Starting validation iteration 1/1...
 
Error class 1: 0.55658
Error class 2: 0.13895
Error class 3: 0.62891
 
Confusion matrix:
    1    2    3    
1  0.44342     0.31751     0.23907
2  0.035027     0.86105     0.10392
3  0.16372     0.46519     0.37109
 
>>> Total error: 0.25686
 
 
------------------------------------------------------------------------------------------------
 
K = 81 --> 9/11
 
------------------------------------------------------------------------------------------------
 
Starting validation iteration 1/1...
 
Error class 1: 0.5776
Error class 2: 0.12335
Error class 3: 0.65767
 
Confusion matrix:
    1    2    3    
1  0.4224     0.35412     0.22348
2  0.034339     0.87665    0.089006
3  0.15893     0.49874     0.34233
 
>>> Total error: 0.25177
 
 
------------------------------------------------------------------------------------------------
 
K = 101 --> 10/11
 
------------------------------------------------------------------------------------------------
 
Starting validation iteration 1/1...
 
Error class 1: 0.59367
Error class 2: 0.11501
Error class 3: 0.67861
 
Confusion matrix:
    1    2    3    
1  0.40633     0.37586     0.21781
2  0.033351     0.88499    0.081657
3  0.16347     0.51514     0.32139
 
>>> Total error: 0.25041
 
 
------------------------------------------------------------------------------------------------
 
K = 151 --> 11/11
 
------------------------------------------------------------------------------------------------
 
Starting validation iteration 1/1...
 
Error class 1: 0.61824
Error class 2: 0.099407
Error class 3: 0.71519
 
Confusion matrix:
    1    2    3    
1  0.38176      0.4172     0.20104
2  0.03146     0.90059    0.067947
3  0.15817     0.55701     0.28481
 
>>> Total error: 0.24678
 
##################################################################
 
K values: 
  5.0000  7.0000 11.0000 15.0000 19.0000 21.0000 31.0000 51.0000 81.0000101.0000151.0000

Mean error: 
  0.3024
  0.2898
  0.2795
  0.2737
  0.2686
  0.2659
  0.2615
  0.2569
  0.2518
  0.2504
  0.2468

 
Weighted errors (0.33333 max) for class T
  0.1527
  0.1647
  0.1661
  0.1691
  0.1735
  0.1725
  0.1781
  0.1855
  0.1925
  0.1979
  0.2061

Weighted errors (0.33333 max) for class S
  0.0753
  0.0689
  0.0635
  0.0605
  0.0569
  0.0562
  0.0514
  0.0463
  0.0411
  0.0383
  0.0331

Weighted errors (0.33333 max) for class M
  0.1948
  0.1868
  0.1890
  0.1883
  0.1912
  0.1897
  0.2002
  0.2096
  0.2192
  0.2262
  0.2384

 
Weighted errors mean sum: 
  0.4229
  0.4204
  0.4187
  0.4180
  0.4216
  0.4183
  0.4297
  0.4415
  0.4529
  0.4624
  0.4776

 
Best K: 15
 
 
 >>>>>>>>>> Error class 1: 0.5
 >>>>>>>>>> Error class 2: 0.25751
 >>>>>>>>>> Error class 3: 0.41935
 
Confusion matrix:
    1    2    3    
1  0.5        0.25        0.25
2  0.012876     0.74249     0.24464
3  0.12903     0.29032     0.58065
 
>>>>>>>>>>>>>>>>>> Total error: 0.29225
 
##################################################################
 
//////////////////////////////////////////////////////////////////////////////////////////////////////////////////////
//////////////////////////////////////////////////////////////////////////////////////////////////////////////////////
 
Starting test 4/10
Folder name: 6FD1B048-A2F2-4CAB-1EFE-266503F59CD3_1to3537
 
//////////////////////////////////////////////////////////////////////////////////////////////////////////////////////
//////////////////////////////////////////////////////////////////////////////////////////////////////////////////////
 
 
------------------------------------------------------------------------------------------------
 
K = 5 --> 1/11
 
------------------------------------------------------------------------------------------------
 
Starting validation iteration 1/1...
 
Error class 1: 0.46174
Error class 2: 0.23547
Error class 3: 0.59278
 
Confusion matrix:
    1    2    3    
1  0.53826     0.22484      0.2369
2  0.072366     0.76453      0.1631
3  0.21694     0.37583     0.40722
 
>>> Total error: 0.31166
 
 
------------------------------------------------------------------------------------------------
 
K = 7 --> 2/11
 
------------------------------------------------------------------------------------------------
 
Starting validation iteration 1/1...
 
Error class 1: 0.48899
Error class 2: 0.21599
Error class 3: 0.56028
 
Confusion matrix:
    1    2    3    
1  0.51101     0.22799     0.26101
2  0.05169     0.78401      0.1643
3  0.1825     0.37778     0.43972
 
>>> Total error: 0.29685
 
 
------------------------------------------------------------------------------------------------
 
K = 11 --> 3/11
 
------------------------------------------------------------------------------------------------
 
Starting validation iteration 1/1...
 
Error class 1: 0.49345
Error class 2: 0.20186
Error class 3: 0.57167
 
Confusion matrix:
    1    2    3    
1  0.50655     0.24974     0.24371
2  0.047074     0.79814     0.15478
3  0.17083     0.40083     0.42833
 
>>> Total error: 0.28848
 
 
------------------------------------------------------------------------------------------------
 
K = 15 --> 4/11
 
------------------------------------------------------------------------------------------------
 
Starting validation iteration 1/1...
 
Error class 1: 0.50367
Error class 2: 0.19229
Error class 3: 0.56694
 
Confusion matrix:
    1    2    3    
1  0.49633     0.25708     0.24659
2  0.042506     0.80771     0.14978
3  0.165     0.40194     0.43306
 
>>> Total error: 0.28221
 
 
------------------------------------------------------------------------------------------------
 
K = 19 --> 5/11
 
------------------------------------------------------------------------------------------------
 
Starting validation iteration 1/1...
 
Error class 1: 0.51651
Error class 2: 0.18171
Error class 3: 0.5775
 
Confusion matrix:
    1    2    3    
1  0.48349     0.27175     0.24476
2  0.03765     0.81829     0.14406
3  0.15778     0.41972      0.4225
 
>>> Total error: 0.2775
 
 
------------------------------------------------------------------------------------------------
 
K = 21 --> 6/11
 
------------------------------------------------------------------------------------------------
 
Starting validation iteration 1/1...
 
Error class 1: 0.52332
Error class 2: 0.18012
Error class 3: 0.57583
 
Confusion matrix:
    1    2    3    
1  0.47668     0.27463     0.24869
2  0.039813     0.81988     0.14031
3  0.15417     0.42167     0.42417
 
>>> Total error: 0.27704
 
 
------------------------------------------------------------------------------------------------
 
K = 31 --> 7/11
 
------------------------------------------------------------------------------------------------
 
Starting validation iteration 1/1...
 
Error class 1: 0.54219
Error class 2: 0.1669
Error class 3: 0.60028
 
Confusion matrix:
    1    2    3    
1  0.45781     0.30162     0.24057
2  0.03688      0.8331     0.13002
3  0.15361     0.44667     0.39972
 
>>> Total error: 0.27296
 
 
------------------------------------------------------------------------------------------------
 
K = 51 --> 8/11
 
------------------------------------------------------------------------------------------------
 
Starting validation iteration 1/1...
 
Error class 1: 0.56053
Error class 2: 0.14829
Error class 3: 0.61972
 
Confusion matrix:
    1    2    3    
1  0.43947     0.32547     0.23506
2  0.033466     0.85171     0.11482
3  0.14861     0.47111     0.38028
 
>>> Total error: 0.2642
 
 
------------------------------------------------------------------------------------------------
 
K = 81 --> 9/11
 
------------------------------------------------------------------------------------------------
 
Starting validation iteration 1/1...
 
Error class 1: 0.58648
Error class 2: 0.13165
Error class 3: 0.65806
 
Confusion matrix:
    1    2    3    
1  0.41352     0.36452     0.22196
2  0.032216     0.86835    0.099437
3  0.14417     0.51389     0.34194
 
>>> Total error: 0.26034
 
 
------------------------------------------------------------------------------------------------
 
K = 101 --> 10/11
 
------------------------------------------------------------------------------------------------
 
Starting validation iteration 1/1...
 
Error class 1: 0.60194
Error class 2: 0.12204
Error class 3: 0.67361
 
Confusion matrix:
    1    2    3    
1  0.39806     0.38312     0.21882
2  0.030004     0.87796    0.092033
3  0.13917     0.53444     0.32639
 
>>> Total error: 0.25733
 
 
------------------------------------------------------------------------------------------------
 
K = 151 --> 11/11
 
------------------------------------------------------------------------------------------------
 
Starting validation iteration 1/1...
 
Error class 1: 0.63208
Error class 2: 0.1053
Error class 3: 0.71333
 
Confusion matrix:
    1    2    3    
1  0.36792     0.42898     0.20309
2  0.028177      0.8947    0.077127
3  0.13167     0.58167     0.28667
 
>>> Total error: 0.25414
 
##################################################################
 
K values: 
  5.0000  7.0000 11.0000 15.0000 19.0000 21.0000 31.0000 51.0000 81.0000101.0000151.0000

Mean error: 
  0.3117
  0.2968
  0.2885
  0.2822
  0.2775
  0.2770
  0.2730
  0.2642
  0.2603
  0.2573
  0.2541

 
Weighted errors (0.33333 max) for class T
  0.1539
  0.1630
  0.1645
  0.1679
  0.1722
  0.1744
  0.1807
  0.1868
  0.1955
  0.2006
  0.2107

Weighted errors (0.33333 max) for class S
  0.0785
  0.0720
  0.0673
  0.0641
  0.0606
  0.0600
  0.0556
  0.0494
  0.0439
  0.0407
  0.0351

Weighted errors (0.33333 max) for class M
  0.1976
  0.1868
  0.1906
  0.1890
  0.1925
  0.1919
  0.2001
  0.2066
  0.2194
  0.2245
  0.2378

 
Weighted errors mean sum: 
  0.4300
  0.4218
  0.4223
  0.4210
  0.4252
  0.4264
  0.4365
  0.4428
  0.4587
  0.4659
  0.4836

 
Best K: 15
 
 
 >>>>>>>>>> Error class 1: 0.63616
 >>>>>>>>>> Error class 2: 0.12093
 >>>>>>>>>> Error class 3: 0.75949
 
Confusion matrix:
    1    2    3    
1  0.36384     0.39817     0.23799
2  0.065459     0.87907    0.055473
3  0.33924     0.42025     0.24051
 
>>>>>>>>>>>>>>>>>> Total error: 0.25594
 
##################################################################
 
//////////////////////////////////////////////////////////////////////////////////////////////////////////////////////
//////////////////////////////////////////////////////////////////////////////////////////////////////////////////////
 
Starting test 5/10
Folder name: 8B6E4826-77F5-66BF-FCBA-4054D0E84B0B_1to3306
 
//////////////////////////////////////////////////////////////////////////////////////////////////////////////////////
//////////////////////////////////////////////////////////////////////////////////////////////////////////////////////
 
 
------------------------------------------------------------------------------------------------
 
K = 5 --> 1/11
 
------------------------------------------------------------------------------------------------
 
Starting validation iteration 1/1...
 
Error class 1: 0.46693
Error class 2: 0.2393
Error class 3: 0.588
 
Confusion matrix:
    1    2    3    
1  0.53307     0.23322     0.23371
2  0.072056      0.7607     0.16725
3  0.21798     0.37002       0.412
 
>>> Total error: 0.31704
 
 
------------------------------------------------------------------------------------------------
 
K = 7 --> 2/11
 
------------------------------------------------------------------------------------------------
 
Starting validation iteration 1/1...
 
Error class 1: 0.49204
Error class 2: 0.22279
Error class 3: 0.55759
 
Confusion matrix:
    1    2    3    
1  0.50796     0.23968     0.25236
2  0.053173     0.77721     0.16961
3  0.1838     0.37379     0.44241
 
>>> Total error: 0.3046
 
 
------------------------------------------------------------------------------------------------
 
K = 11 --> 3/11
 
------------------------------------------------------------------------------------------------
 
Starting validation iteration 1/1...
 
Error class 1: 0.49428
Error class 2: 0.20627
Error class 3: 0.56028
 
Confusion matrix:
    1    2    3    
1  0.50572     0.24714     0.24714
2  0.046315     0.79373     0.15995
3  0.169     0.39128     0.43972
 
>>> Total error: 0.29324
 
 
------------------------------------------------------------------------------------------------
 
K = 15 --> 4/11
 
------------------------------------------------------------------------------------------------
 
Starting validation iteration 1/1...
 
Error class 1: 0.51094
Error class 2: 0.20154
Error class 3: 0.56728
 
Confusion matrix:
    1    2    3    
1  0.48906     0.25535     0.25559
2  0.043272     0.79846     0.15826
3  0.1585     0.40877     0.43272
 
>>> Total error: 0.29307
 
 
------------------------------------------------------------------------------------------------
 
K = 19 --> 5/11
 
------------------------------------------------------------------------------------------------
 
Starting validation iteration 1/1...
 
Error class 1: 0.51442
Error class 2: 0.19207
Error class 3: 0.57508
 
Confusion matrix:
    1    2    3    
1  0.48558     0.26504     0.24938
2  0.038298     0.80793     0.15377
3  0.15393     0.42115     0.42492
 
>>> Total error: 0.28769
 
 
------------------------------------------------------------------------------------------------
 
K = 21 --> 6/11
 
------------------------------------------------------------------------------------------------
 
Starting validation iteration 1/1...
 
Error class 1: 0.52138
Error class 2: 0.19231
Error class 3: 0.57966
 
Confusion matrix:
    1    2    3    
1  0.47862     0.26827     0.25311
2  0.039602     0.80769     0.15271
3  0.16119     0.41846     0.42034
 
>>> Total error: 0.28945
 
 
------------------------------------------------------------------------------------------------
 
K = 31 --> 7/11
 
------------------------------------------------------------------------------------------------
 
Starting validation iteration 1/1...
 
Error class 1: 0.53879
Error class 2: 0.18077
Error class 3: 0.58638
 
Confusion matrix:
    1    2    3    
1  0.46121      0.2914     0.24739
2  0.036415     0.81923     0.14435
3  0.15178     0.43461     0.41362
 
>>> Total error: 0.28438
 
 
------------------------------------------------------------------------------------------------
 
K = 51 --> 8/11
 
------------------------------------------------------------------------------------------------
 
Starting validation iteration 1/1...
 
Error class 1: 0.56191
Error class 2: 0.1672
Error class 3: 0.61302
 
Confusion matrix:
    1    2    3    
1  0.43809     0.31949     0.24242
2  0.034579      0.8328     0.13262
3  0.15823     0.45479     0.38698
 
>>> Total error: 0.28125
 
 
------------------------------------------------------------------------------------------------
 
K = 81 --> 9/11
 
------------------------------------------------------------------------------------------------
 
Starting validation iteration 1/1...
 
Error class 1: 0.57534
Error class 2: 0.15372
Error class 3: 0.64316
 
Confusion matrix:
    1    2    3    
1  0.42466     0.34361     0.23173
2  0.034048     0.84628     0.11968
3  0.15635     0.48681     0.35684
 
>>> Total error: 0.27728
 
 
------------------------------------------------------------------------------------------------
 
K = 101 --> 10/11
 
------------------------------------------------------------------------------------------------
 
Starting validation iteration 1/1...
 
Error class 1: 0.59622
Error class 2: 0.14542
Error class 3: 0.65985
 
Confusion matrix:
    1    2    3    
1  0.40378     0.36723     0.22899
2  0.033613     0.85458      0.1118
3  0.15231     0.50753     0.34015
 
>>> Total error: 0.27637
 
 
------------------------------------------------------------------------------------------------
 
K = 151 --> 11/11
 
------------------------------------------------------------------------------------------------
 
Starting validation iteration 1/1...
 
Error class 1: 0.62108
Error class 2: 0.12774
Error class 3: 0.69403
 
Confusion matrix:
    1    2    3    
1  0.37892     0.41099     0.21009
2  0.031585     0.87226    0.096156
3  0.14612      0.5479     0.30597
 
>>> Total error: 0.27148
 
##################################################################
 
K values: 
  5.0000  7.0000 11.0000 15.0000 19.0000 21.0000 31.0000 51.0000 81.0000101.0000151.0000

Mean error: 
  0.3170
  0.3046
  0.2932
  0.2931
  0.2877
  0.2894
  0.2844
  0.2813
  0.2773
  0.2764
  0.2715

 
Weighted errors (0.33333 max) for class T
  0.1556
  0.1640
  0.1648
  0.1703
  0.1715
  0.1738
  0.1796
  0.1873
  0.1918
  0.1987
  0.2070

Weighted errors (0.33333 max) for class S
  0.0798
  0.0743
  0.0688
  0.0672
  0.0640
  0.0641
  0.0603
  0.0557
  0.0512
  0.0485
  0.0426

Weighted errors (0.33333 max) for class M
  0.1960
  0.1859
  0.1868
  0.1891
  0.1917
  0.1932
  0.1955
  0.2043
  0.2144
  0.2199
  0.2313

 
Weighted errors mean sum: 
  0.4314
  0.4241
  0.4203
  0.4266
  0.4272
  0.4311
  0.4353
  0.4474
  0.4574
  0.4672
  0.4810

 
Best K: 11
 
 
 >>>>>>>>>> Error class 1: 0.63203
 >>>>>>>>>> Error class 2: 0.08229
 >>>>>>>>>> Error class 3: 0.71326
 
Confusion matrix:
    1    2    3    
1  0.36797     0.39827     0.23377
2  0.036494     0.91771    0.045796
3  0.25806      0.4552     0.28674
 
>>>>>>>>>>>>>>>>>> Total error: 0.17398
 
##################################################################
 
//////////////////////////////////////////////////////////////////////////////////////////////////////////////////////
//////////////////////////////////////////////////////////////////////////////////////////////////////////////////////
 
Starting test 6/10
Folder name: 16F8AB43-5CE7-08B0-FD11-BA1E372425AB_1to3233
 
//////////////////////////////////////////////////////////////////////////////////////////////////////////////////////
//////////////////////////////////////////////////////////////////////////////////////////////////////////////////////
 
 
------------------------------------------------------------------------------------------------
 
K = 5 --> 1/11
 
------------------------------------------------------------------------------------------------
 
Starting validation iteration 1/1...
 
Error class 1: 0.45536
Error class 2: 0.2194
Error class 3: 0.55836
 
Confusion matrix:
    1    2    3    
1  0.54464     0.22101     0.23435
2  0.071779      0.7806     0.14762
3  0.21661     0.34175     0.44164
 
>>> Total error: 0.29074
 
 
------------------------------------------------------------------------------------------------
 
K = 7 --> 2/11
 
------------------------------------------------------------------------------------------------
 
Starting validation iteration 1/1...
 
Error class 1: 0.48748
Error class 2: 0.20295
Error class 3: 0.53513
 
Confusion matrix:
    1    2    3    
1  0.51252      0.2251     0.26238
2  0.051825     0.79705     0.15113
3  0.1777     0.35743     0.46487
 
>>> Total error: 0.27973
 
 
------------------------------------------------------------------------------------------------
 
K = 11 --> 3/11
 
------------------------------------------------------------------------------------------------
 
Starting validation iteration 1/1...
 
Error class 1: 0.48884
Error class 2: 0.19164
Error class 3: 0.54443
 
Confusion matrix:
    1    2    3    
1  0.51116     0.23762     0.25122
2  0.050516     0.80836     0.14113
3  0.17073     0.37369     0.45557
 
>>> Total error: 0.27254
 
 
------------------------------------------------------------------------------------------------
 
K = 15 --> 4/11
 
------------------------------------------------------------------------------------------------
 
Starting validation iteration 1/1...
 
Error class 1: 0.50708
Error class 2: 0.18291
Error class 3: 0.54994
 
Confusion matrix:
    1    2    3    
1  0.49292     0.25367      0.2534
2  0.045376     0.81709     0.13753
3  0.16347     0.38647     0.45006
 
>>> Total error: 0.269
 
 
------------------------------------------------------------------------------------------------
 
K = 19 --> 5/11
 
------------------------------------------------------------------------------------------------
 
Starting validation iteration 1/1...
 
Error class 1: 0.5166
Error class 2: 0.1751
Error class 3: 0.54849
 
Confusion matrix:
    1    2    3    
1  0.4834     0.26238     0.25422
2  0.042198      0.8249      0.1329
3  0.16057     0.38792     0.45151
 
>>> Total error: 0.26419
 
 
------------------------------------------------------------------------------------------------
 
K = 21 --> 6/11
 
------------------------------------------------------------------------------------------------
 
Starting validation iteration 1/1...
 
Error class 1: 0.51796
Error class 2: 0.17295
Error class 3: 0.55343
 
Confusion matrix:
