Test Results using: 
 
3-fold BALANCED validations.
 
K values: 
  5.0000  7.0000 11.0000 15.0000 19.0000 21.0000 31.0000 51.0000 81.0000101.0000151.0000

With 1 iterations per parameter value.
 
//////////////////////////////////////////////////////////////////////////////////////////////////////////////////////
//////////////////////////////////////////////////////////////////////////////////////////////////////////////////////
 
Starting test 1/10
Folder name: 0BC25B01-7420-DD20-A1C8-3B2BD6C87CB0_1to4255
 
//////////////////////////////////////////////////////////////////////////////////////////////////////////////////////
//////////////////////////////////////////////////////////////////////////////////////////////////////////////////////
 
 
------------------------------------------------------------------------------------------------
 
K = 5 --> 1/11
 
------------------------------------------------------------------------------------------------
 
Starting validation iteration 1/1...
 
Error class 1: 0.38687
Error class 2: 0.31751
Error class 3: 0.54981
 
Confusion matrix:
    1    2    3    
1  0.61313     0.15057      0.2363
2  0.12463     0.68249     0.19288
3  0.27236     0.27745     0.45019
 
>>> Total error: 0.35836
 
 
------------------------------------------------------------------------------------------------
 
K = 7 --> 2/11
 
------------------------------------------------------------------------------------------------
 
Starting validation iteration 1/1...
 
Error class 1: 0.40288
Error class 2: 0.30994
Error class 3: 0.5225
 
Confusion matrix:
    1    2    3    
1  0.59712     0.14053     0.26234
2  0.10386     0.69006     0.20608
3  0.24746     0.27504      0.4775
 
>>> Total error: 0.35126
 
 
------------------------------------------------------------------------------------------------
 
K = 11 --> 3/11
 
------------------------------------------------------------------------------------------------
 
Starting validation iteration 1/1...
 
Error class 1: 0.3847
Error class 2: 0.3077
Error class 3: 0.51687
 
Confusion matrix:
    1    2    3    
1  0.6153     0.13294     0.25176
2  0.10311      0.6923     0.20458
3  0.25281     0.26406     0.48313
 
>>> Total error: 0.34643
 
 
------------------------------------------------------------------------------------------------
 
K = 15 --> 4/11
 
------------------------------------------------------------------------------------------------
 
Starting validation iteration 1/1...
 
Error class 1: 0.39148
Error class 2: 0.31208
Error class 3: 0.5075
 
Confusion matrix:
    1    2    3    
1  0.60852     0.12561     0.26587
2  0.10157     0.68792     0.21051
3  0.24397     0.26352      0.4925
 
>>> Total error: 0.34926
 
 
------------------------------------------------------------------------------------------------
 
K = 19 --> 5/11
 
------------------------------------------------------------------------------------------------
 
Starting validation iteration 1/1...
 
Error class 1: 0.40586
Error class 2: 0.30531
Error class 3: 0.50107
 
Confusion matrix:
    1    2    3    
1  0.59414     0.13402     0.27184
2  0.097983     0.69469     0.20732
3  0.24156     0.25951     0.49893
 
>>> Total error: 0.34537
 
 
------------------------------------------------------------------------------------------------
 
K = 21 --> 6/11
 
------------------------------------------------------------------------------------------------
 
Starting validation iteration 1/1...
 
Error class 1: 0.40505
Error class 2: 0.31009
Error class 3: 0.50268
 
Confusion matrix:
    1    2    3    
1  0.59495     0.12941     0.27564
2  0.10087     0.68991     0.20922
3  0.24638     0.25629     0.49732
 
>>> Total error: 0.34897
 
 
------------------------------------------------------------------------------------------------
 
K = 31 --> 7/11
 
------------------------------------------------------------------------------------------------
 
Starting validation iteration 1/1...
 
Error class 1: 0.40071
Error class 2: 0.31173
Error class 3: 0.50375
 
Confusion matrix:
    1    2    3    
1  0.59929     0.12995     0.27075
2  0.10212     0.68827     0.20961
3  0.24451     0.25924     0.49625
 
>>> Total error: 0.34974
 
 
------------------------------------------------------------------------------------------------
 
K = 51 --> 8/11
 
------------------------------------------------------------------------------------------------
 
Starting validation iteration 1/1...
 
Error class 1: 0.40477
Error class 2: 0.31457
Error class 3: 0.52437
 
Confusion matrix:
    1    2    3    
1  0.59523     0.13429     0.27048
2  0.1055     0.68543     0.20907
3  0.25683     0.26754     0.47563
 
>>> Total error: 0.35516
 
 
------------------------------------------------------------------------------------------------
 
K = 81 --> 9/11
 
------------------------------------------------------------------------------------------------
 
Starting validation iteration 1/1...
 
Error class 1: 0.39338
Error class 2: 0.31841
Error class 3: 0.52812
 
Confusion matrix:
    1    2    3    
1  0.60662     0.13266     0.26072
2  0.11273     0.68159     0.20568
3  0.26701     0.26111     0.47188
 
>>> Total error: 0.35694
 
 
------------------------------------------------------------------------------------------------
 
K = 101 --> 10/11
 
------------------------------------------------------------------------------------------------
 
Starting validation iteration 1/1...
 
Error class 1: 0.39148
Error class 2: 0.31985
Error class 3: 0.53374
 
Confusion matrix:
    1    2    3    
1  0.60852     0.13402     0.25746
2  0.11736     0.68015     0.20249
3  0.26942     0.26433     0.46626
 
>>> Total error: 0.3585
 
 
------------------------------------------------------------------------------------------------
 
K = 151 --> 11/11
 
------------------------------------------------------------------------------------------------
 
Starting validation iteration 1/1...
 
Error class 1: 0.39474
Error class 2: 0.32538
Error class 3: 0.54821
 
Confusion matrix:
    1    2    3    
1  0.60526     0.13728     0.25746
2  0.12418     0.67462      0.2012
3  0.28468     0.26352     0.45179
 
>>> Total error: 0.36494
 
##################################################################
 
K values: 
  5.0000  7.0000 11.0000 15.0000 19.0000 21.0000 31.0000 51.0000 81.0000101.0000151.0000

Mean error: 
  0.3584
  0.3513
  0.3464
  0.3493
  0.3454
  0.3490
  0.3497
  0.3552
  0.3569
  0.3585
  0.3649

 
Weighted errors (0.33333 max) for class T
  0.1290
  0.1343
  0.1282
  0.1305
  0.1353
  0.1350
  0.1336
  0.1349
  0.1311
  0.1305
  0.1316

Weighted errors (0.33333 max) for class S
  0.1058
  0.1033
  0.1026
  0.1040
  0.1018
  0.1034
  0.1039
  0.1049
  0.1061
  0.1066
  0.1085

Weighted errors (0.33333 max) for class M
  0.1833
  0.1742
  0.1723
  0.1692
  0.1670
  0.1676
  0.1679
  0.1748
  0.1760
  0.1779
  0.1827

 
Weighted errors mean sum: 
  0.4181
  0.4118
  0.4031
  0.4037
  0.4041
  0.4059
  0.4054
  0.4146
  0.4133
  0.4150
  0.4228

 
Best K: 11
 
 
 >>>>>>>>>> Error class 1: 0.34921
 >>>>>>>>>> Error class 2: 0.25773
 >>>>>>>>>> Error class 3: 0.55172
 
Confusion matrix:
    1    2    3    
1  0.65079      0.1358      0.2134
2  0.091944     0.74227     0.16579
3  0.29502      0.2567     0.44828
 
>>>>>>>>>>>>>>>>>> Total error: 0.28796
 
##################################################################
 
//////////////////////////////////////////////////////////////////////////////////////////////////////////////////////
//////////////////////////////////////////////////////////////////////////////////////////////////////////////////////
 
Starting test 2/10
Folder name: 2E1048A6ECT_1to1156
 
//////////////////////////////////////////////////////////////////////////////////////////////////////////////////////
//////////////////////////////////////////////////////////////////////////////////////////////////////////////////////
 
 
------------------------------------------------------------------------------------------------
 
K = 5 --> 1/11
 
------------------------------------------------------------------------------------------------
 
Starting validation iteration 1/1...
 
Error class 1: 0.39284
Error class 2: 0.29694
Error class 3: 0.56302
 
Confusion matrix:
    1    2    3    
1  0.60716     0.13595     0.25689
2  0.13234     0.70306      0.1646
3  0.30325     0.25976     0.43698
 
>>> Total error: 0.33886
 
 
------------------------------------------------------------------------------------------------
 
K = 7 --> 2/11
 
------------------------------------------------------------------------------------------------
 
Starting validation iteration 1/1...
 
Error class 1: 0.41137
Error class 2: 0.29147
Error class 3: 0.52337
 
Confusion matrix:
    1    2    3    
1  0.58863      0.1337     0.27767
2  0.11012     0.70853     0.18135
3  0.27012     0.25325     0.47663
 
>>> Total error: 0.33274
 
 
------------------------------------------------------------------------------------------------
 
K = 11 --> 3/11
 
------------------------------------------------------------------------------------------------
 
Starting validation iteration 1/1...
 
Error class 1: 0.4026
Error class 2: 0.28686
Error class 3: 0.52219
 
Confusion matrix:
    1    2    3    
1  0.5974     0.12919     0.27341
2  0.10995     0.71314     0.17692
3  0.27308     0.24911     0.47781
 
>>> Total error: 0.32797
 
 
------------------------------------------------------------------------------------------------
 
K = 15 --> 4/11
 
------------------------------------------------------------------------------------------------
 
Starting validation iteration 1/1...
 
Error class 1: 0.40511
Error class 2: 0.28816
Error class 3: 0.50769
 
Confusion matrix:
    1    2    3    
1  0.59489     0.12819     0.27692
2  0.10573     0.71184     0.18243
3  0.26509      0.2426     0.49231
 
>>> Total error: 0.32768
 
 
------------------------------------------------------------------------------------------------
 
K = 19 --> 5/11
 
------------------------------------------------------------------------------------------------
 
Starting validation iteration 1/1...
 
Error class 1: 0.40611
Error class 2: 0.2857
Error class 3: 0.49941
 
Confusion matrix:
    1    2    3    
1  0.59389     0.12769     0.27842
2  0.10168      0.7143     0.18402
3  0.25325     0.24615     0.50059
 
>>> Total error: 0.32503
 
 
------------------------------------------------------------------------------------------------
 
K = 21 --> 6/11
 
------------------------------------------------------------------------------------------------
 
Starting validation iteration 1/1...
 
Error class 1: 0.41062
Error class 2: 0.28794
Error class 3: 0.49793
 
Confusion matrix:
    1    2    3    
1  0.58938     0.12494     0.28568
2  0.1031     0.71206     0.18484
3  0.25296     0.24497     0.50207
 
>>> Total error: 0.32716
 
 
------------------------------------------------------------------------------------------------
 
K = 31 --> 7/11
 
------------------------------------------------------------------------------------------------
 
Starting validation iteration 1/1...
 
Error class 1: 0.40861
Error class 2: 0.28859
Error class 3: 0.50769
 
Confusion matrix:
    1    2    3    
1  0.59139     0.12769     0.28092
2  0.10022     0.71141     0.18837
3  0.26095     0.24675     0.49231
 
>>> Total error: 0.32846
 
 
------------------------------------------------------------------------------------------------
 
K = 51 --> 8/11
 
------------------------------------------------------------------------------------------------
 
Starting validation iteration 1/1...
 
Error class 1: 0.41662
Error class 2: 0.29177
Error class 3: 0.51361
 
Confusion matrix:
    1    2    3    
1  0.58338     0.13145     0.28518
2  0.10457     0.70823     0.18721
3  0.26331      0.2503     0.48639
 
>>> Total error: 0.33258
 
 
------------------------------------------------------------------------------------------------
 
K = 81 --> 9/11
 
------------------------------------------------------------------------------------------------
 
Starting validation iteration 1/1...
 
Error class 1: 0.41537
Error class 2: 0.29673
Error class 3: 0.52485
 
Confusion matrix:
    1    2    3    
1  0.58463     0.13445     0.28092
2  0.10965     0.70327     0.18708
3  0.2716     0.25325     0.47515
 
>>> Total error: 0.33742
 
 
------------------------------------------------------------------------------------------------
 
K = 101 --> 10/11
 
------------------------------------------------------------------------------------------------
 
Starting validation iteration 1/1...
 
Error class 1: 0.41838
Error class 2: 0.29901
Error class 3: 0.53402
 
Confusion matrix:
    1    2    3    
1  0.58162     0.13846     0.27992
2  0.11154     0.70099     0.18747
3  0.2787     0.25533     0.46598
 
>>> Total error: 0.34056
 
 
------------------------------------------------------------------------------------------------
 
K = 151 --> 11/11
 
------------------------------------------------------------------------------------------------
 
Starting validation iteration 1/1...
 
Error class 1: 0.41037
Error class 2: 0.3009
Error class 3: 0.56331
 
Confusion matrix:
    1    2    3    
1  0.58963     0.14221     0.26815
2  0.11688      0.6991     0.18402
3  0.29675     0.26657     0.43669
 
>>> Total error: 0.34419
 
##################################################################
 
K values: 
  5.0000  7.0000 11.0000 15.0000 19.0000 21.0000 31.0000 51.0000 81.0000101.0000151.0000

Mean error: 
  0.3389
  0.3327
  0.3280
  0.3277
  0.3250
  0.3272
  0.3285
  0.3326
  0.3374
  0.3406
  0.3442

 
Weighted errors (0.33333 max) for class T
  0.1309
  0.1371
  0.1342
  0.1350
  0.1354
  0.1369
  0.1362
  0.1389
  0.1385
  0.1395
  0.1368

Weighted errors (0.33333 max) for class S
  0.0990
  0.0972
  0.0956
  0.0961
  0.0952
  0.0960
  0.0962
  0.0973
  0.0989
  0.0997
  0.1003

Weighted errors (0.33333 max) for class M
  0.1877
  0.1745
  0.1741
  0.1692
  0.1665
  0.1660
  0.1692
  0.1712
  0.1750
  0.1780
  0.1878

 
Weighted errors mean sum: 
  0.4176
  0.4087
  0.4039
  0.4003
  0.3971
  0.3988
  0.4016
  0.4073
  0.4123
  0.4171
  0.4249

 
Best K: 19
 
 
 >>>>>>>>>> Error class 1: 0.47876
 >>>>>>>>>> Error class 2: 0.41281
 >>>>>>>>>> Error class 3: 0.56911
 
Confusion matrix:
    1    2    3    
1  0.52124     0.14286     0.33591
2  0.14947     0.58719     0.26335
3  0.066667     0.50244     0.43089
 
>>>>>>>>>>>>>>>>>> Total error: 0.51082
 
##################################################################
 
//////////////////////////////////////////////////////////////////////////////////////////////////////////////////////
//////////////////////////////////////////////////////////////////////////////////////////////////////////////////////
 
Starting test 3/10
Folder name: 5FA739A3-AAC4-E84B-F7CB-2179AD879AE3_1to285
 
//////////////////////////////////////////////////////////////////////////////////////////////////////////////////////
//////////////////////////////////////////////////////////////////////////////////////////////////////////////////////
 
 
------------------------------------------------------------------------------------------------
 
K = 5 --> 1/11
 
------------------------------------------------------------------------------------------------
 
Starting validation iteration 1/1...
 
Error class 1: 0.37019
Error class 2: 0.31765
Error class 3: 0.54793
 
Confusion matrix:
    1    2    3    
1  0.62981     0.13418       0.236
2  0.13448     0.68235     0.18317
3  0.29238     0.25555     0.45207
 
>>> Total error: 0.35373
 
 
------------------------------------------------------------------------------------------------
 
K = 7 --> 2/11
 
------------------------------------------------------------------------------------------------
 
Starting validation iteration 1/1...
 
Error class 1: 0.38649
Error class 2: 0.31137
Error class 3: 0.52296
 
Confusion matrix:
    1    2    3    
1  0.61351     0.13135     0.25514
2  0.11088     0.68863     0.20049
3  0.26539     0.25757     0.47704
 
>>> Total error: 0.34813
 
 
------------------------------------------------------------------------------------------------
 
K = 11 --> 3/11
 
------------------------------------------------------------------------------------------------
 
Starting validation iteration 1/1...
 
Error class 1: 0.37468
Error class 2: 0.30961
Error class 3: 0.51438
 
Confusion matrix:
    1    2    3    
1  0.62532     0.12497      0.2497
2  0.11075     0.69039     0.19886
3  0.26009     0.25429     0.48562
 
>>> Total error: 0.34416
 
 
------------------------------------------------------------------------------------------------
 
K = 15 --> 4/11
 
------------------------------------------------------------------------------------------------
 
Starting validation iteration 1/1...
 
Error class 1: 0.37397
Error class 2: 0.31236
Error class 3: 0.50025
 
Confusion matrix:
    1    2    3    
1  0.62603     0.11883     0.25514
2  0.10697     0.68764     0.20539
3  0.25076      0.2495     0.49975
 
>>> Total error: 0.34432
 
 
------------------------------------------------------------------------------------------------
 
K = 19 --> 5/11
 
------------------------------------------------------------------------------------------------
 
Starting validation iteration 1/1...
 
Error class 1: 0.38531
Error class 2: 0.30858
Error class 3: 0.4889
 
Confusion matrix:
    1    2    3    
1  0.61469     0.12592     0.25939
2  0.10259     0.69142     0.20599
3  0.24697     0.24193      0.5111
 
>>> Total error: 0.34162
 
 
------------------------------------------------------------------------------------------------
 
K = 21 --> 6/11
 
------------------------------------------------------------------------------------------------
 
Starting validation iteration 1/1...
 
Error class 1: 0.37822
Error class 2: 0.31043
Error class 3: 0.48512
 
Confusion matrix:
    1    2    3    
1  0.62178     0.11977     0.25845
2  0.10504     0.68957     0.20539
3  0.24975     0.23537     0.51488
 
>>> Total error: 0.34155
 
 
------------------------------------------------------------------------------------------------
 
K = 31 --> 7/11
 
------------------------------------------------------------------------------------------------
 
Starting validation iteration 1/1...
 
Error class 1: 0.38483
Error class 2: 0.31245
Error class 3: 0.4889
 
Confusion matrix:
    1    2    3    
1  0.61517     0.11977     0.26506
2  0.10628     0.68755     0.20616
3  0.24823     0.24067      0.5111
 
>>> Total error: 0.34441
 
 
------------------------------------------------------------------------------------------------
 
K = 51 --> 8/11
 
------------------------------------------------------------------------------------------------
 
Starting validation iteration 1/1...
 
Error class 1: 0.38271
Error class 2: 0.31451
Error class 3: 0.49067
 
Confusion matrix:
    1    2    3    
1  0.61729     0.12426     0.25845
2  0.1108     0.68549     0.20371
3  0.25807     0.23259     0.50933
 
>>> Total error: 0.34588
 
 
------------------------------------------------------------------------------------------------
 
K = 81 --> 9/11
 
------------------------------------------------------------------------------------------------
 
Starting validation iteration 1/1...
 
Error class 1: 0.38979
Error class 2: 0.3198
Error class 3: 0.50227
 
Confusion matrix:
    1    2    3    
1  0.61021     0.12899     0.26081
2  0.11681      0.6802     0.20298
3  0.25984     0.24243     0.49773
 
>>> Total error: 0.3522
 
 
------------------------------------------------------------------------------------------------
 
K = 101 --> 10/11
 
------------------------------------------------------------------------------------------------
 
Starting validation iteration 1/1...
 
Error class 1: 0.38767
Error class 2: 0.32061
Error class 3: 0.5169
 
Confusion matrix:
    1    2    3    
1  0.61233     0.13064     0.25703
2  0.11978     0.67939     0.20083
3  0.27094     0.24596      0.4831
 
>>> Total error: 0.35436
 
 
------------------------------------------------------------------------------------------------
 
K = 151 --> 11/11
 
------------------------------------------------------------------------------------------------
 
Starting validation iteration 1/1...
 
Error class 1: 0.38814
Error class 2: 0.32237
Error class 3: 0.53557
 
Confusion matrix:
    1    2    3    
1  0.61186     0.12946     0.25868
2  0.12395     0.67763     0.19843
3  0.2833     0.25227     0.46443
 
>>> Total error: 0.35808
 
##################################################################
 
K values: 
  5.0000  7.0000 11.0000 15.0000 19.0000 21.0000 31.0000 51.0000 81.0000101.0000151.0000

Mean error: 
  0.3537
  0.3481
  0.3442
  0.3443
  0.3416
  0.3416
  0.3444
  0.3459
  0.3522
  0.3544
  0.3581

 
Weighted errors (0.33333 max) for class T
  0.1234
  0.1288
  0.1249
  0.1247
  0.1284
  0.1261
  0.1283
  0.1276
  0.1299
  0.1292
  0.1294

Weighted errors (0.33333 max) for class S
  0.1059
  0.1038
  0.1032
  0.1041
  0.1029
  0.1035
  0.1041
  0.1048
  0.1066
  0.1069
  0.1075

Weighted errors (0.33333 max) for class M
  0.1826
  0.1743
  0.1715
  0.1668
  0.1630
  0.1617
  0.1630
  0.1636
  0.1674
  0.1723
  0.1785

 
Weighted errors mean sum: 
  0.4119
  0.4069
  0.3996
  0.3955
  0.3943
  0.3913
  0.3954
  0.3960
  0.4040
  0.4084
  0.4154

 
Best K: 21
 
 
 >>>>>>>>>> Error class 1: 0.45
 >>>>>>>>>> Error class 2: 0.52361
 >>>>>>>>>> Error class 3: 0.41935
 
Confusion matrix:
    1    2    3    
1  0.55        0.15         0.3
2  0.072961     0.47639     0.45064
3  0.29032     0.12903     0.58065
 
>>>>>>>>>>>>>>>>>> Total error: 0.50704
 
##################################################################
 
//////////////////////////////////////////////////////////////////////////////////////////////////////////////////////
//////////////////////////////////////////////////////////////////////////////////////////////////////////////////////
 
Starting test 4/10
Folder name: 6FD1B048-A2F2-4CAB-1EFE-266503F59CD3_1to3537
 
//////////////////////////////////////////////////////////////////////////////////////////////////////////////////////
//////////////////////////////////////////////////////////////////////////////////////////////////////////////////////
 
 
------------------------------------------------------------------------------------------------
 
K = 5 --> 1/11
 
------------------------------------------------------------------------------------------------
 
Starting validation iteration 1/1...
 
Error class 1: 0.37657
Error class 2: 0.31187
Error class 3: 0.55583
 
Confusion matrix:
    1    2    3    
1  0.62343     0.13784     0.23873
2  0.12983     0.68813     0.18205
3  0.29     0.26583     0.44417
 
>>> Total error: 0.35175
 
 
------------------------------------------------------------------------------------------------
 
K = 7 --> 2/11
 
------------------------------------------------------------------------------------------------
 
Starting validation iteration 1/1...
 
Error class 1: 0.39413
Error class 2: 0.30625
Error class 3: 0.52944
 
Confusion matrix:
    1    2    3    
1  0.60587     0.13286     0.26127
2  0.10651     0.69375     0.19974
3  0.26194      0.2675     0.47056
 
>>> Total error: 0.34661
 
 
------------------------------------------------------------------------------------------------
 
K = 11 --> 3/11
 
------------------------------------------------------------------------------------------------
 
Starting validation iteration 1/1...
 
Error class 1: 0.37919
Error class 2: 0.30187
Error class 3: 0.52639
 
Confusion matrix:
    1    2    3    
1  0.62081     0.13417     0.24502
2  0.10569     0.69813     0.19618
3  0.25778     0.26861     0.47361
 
>>> Total error: 0.34098
 
 
------------------------------------------------------------------------------------------------
 
K = 15 --> 4/11
 
------------------------------------------------------------------------------------------------
 
Starting validation iteration 1/1...
 
Error class 1: 0.37683
Error class 2: 0.30538
Error class 3: 0.52278
 
Confusion matrix:
    1    2    3    
1  0.62317      0.1305     0.24633
2  0.10319     0.69462     0.20219
3  0.25556     0.26722     0.47722
 
>>> Total error: 0.34279
 
 
------------------------------------------------------------------------------------------------
 
K = 19 --> 5/11
 
------------------------------------------------------------------------------------------------
 
Starting validation iteration 1/1...
 
Error class 1: 0.38653
Error class 2: 0.30173
Error class 3: 0.515
 
Confusion matrix:
    1    2    3    
1  0.61347     0.13548     0.25105
2  0.099582     0.69827     0.20214
3  0.25083     0.26417       0.485
 
>>> Total error: 0.34041
 
 
------------------------------------------------------------------------------------------------
 
K = 21 --> 6/11
 
------------------------------------------------------------------------------------------------
 
Starting validation iteration 1/1...
 
Error class 1: 0.37972
Error class 2: 0.30552
Error class 3: 0.51278
 
Confusion matrix:
    1    2    3    
1  0.62028     0.13548     0.24423
2  0.1042     0.69448     0.20133
3  0.25361     0.25917     0.48722
 
>>> Total error: 0.34201
 
 
------------------------------------------------------------------------------------------------
 
K = 31 --> 7/11
 
------------------------------------------------------------------------------------------------
 
Starting validation iteration 1/1...
 
Error class 1: 0.39151
Error class 2: 0.3061
Error class 3: 0.50333
 
Confusion matrix:
    1    2    3    
1  0.60849      0.1457     0.24581
2  0.10093      0.6939     0.20517
3  0.245     0.25833     0.49667
 
>>> Total error: 0.34282
 
 
------------------------------------------------------------------------------------------------
 
K = 51 --> 8/11
 
------------------------------------------------------------------------------------------------
 
Starting validation iteration 1/1...
 
Error class 1: 0.39099
Error class 2: 0.30764
Error class 3: 0.51639
 
Confusion matrix:
    1    2    3    
1  0.60901     0.14125     0.24974
2  0.10602     0.69236     0.20162
3  0.25278     0.26361     0.48361
 
>>> Total error: 0.34555
 
 
------------------------------------------------------------------------------------------------
 
K = 81 --> 9/11
 
------------------------------------------------------------------------------------------------
 
Starting validation iteration 1/1...
 
Error class 1: 0.38994
Error class 2: 0.31086
Error class 3: 0.52306
 
Confusion matrix:
    1    2    3    
1  0.61006      0.1402     0.24974
2  0.10891     0.68914     0.20195
3  0.25639     0.26667     0.47694
 
>>> Total error: 0.34863
 
 
------------------------------------------------------------------------------------------------
 
K = 101 --> 10/11
 
------------------------------------------------------------------------------------------------
 
Starting validation iteration 1/1...
 
Error class 1: 0.39203
Error class 2: 0.30913
Error class 3: 0.53778
 
Confusion matrix:
    1    2    3    
1  0.60797     0.14046     0.25157
2  0.11194     0.69087     0.19719
3  0.265     0.27278     0.46222
 
>>> Total error: 0.34952
 
 
------------------------------------------------------------------------------------------------
 
K = 151 --> 11/11
 
------------------------------------------------------------------------------------------------
 
Starting validation iteration 1/1...
 
Error class 1: 0.39125
Error class 2: 0.31331
Error class 3: 0.54917
 
Confusion matrix:
    1    2    3    
1  0.60875     0.14151     0.24974
2  0.11651     0.68669     0.19681
3  0.26861     0.28056     0.45083
 
>>> Total error: 0.35395
 
##################################################################
 
K values: 
  5.0000  7.0000 11.0000 15.0000 19.0000 21.0000 31.0000 51.0000 81.0000101.0000151.0000

Mean error: 
  0.3518
  0.3466
  0.3410
  0.3428
  0.3404
  0.3420
  0.3428
  0.3455
  0.3486
  0.3495
  0.3540

 
Weighted errors (0.33333 max) for class T
  0.1255
  0.1314
  0.1264
  0.1256
  0.1288
  0.1266
  0.1305
  0.1303
  0.1300
  0.1307
  0.1304

Weighted errors (0.33333 max) for class S
  0.1040
  0.1021
  0.1006
  0.1018
  0.1006
  0.1018
  0.1020
  0.1025
  0.1036
  0.1030
  0.1044

Weighted errors (0.33333 max) for class M
  0.1853
  0.1765
  0.1755
  0.1743
  0.1717
  0.1709
  0.1678
  0.1721
  0.1744
  0.1793
  0.1831

 
Weighted errors mean sum: 
  0.4148
  0.4099
  0.4025
  0.4017
  0.4011
  0.3993
  0.4003
  0.4050
  0.4080
  0.4130
  0.4179

 
Best K: 21
 
 
 >>>>>>>>>> Error class 1: 0.3913
 >>>>>>>>>> Error class 2: 0.3051
 >>>>>>>>>> Error class 3: 0.68101
 
Confusion matrix:
    1    2    3    
1  0.6087      0.1373       0.254
2  0.18417      0.6949     0.12093
3  0.47089     0.21013     0.31899
 
>>>>>>>>>>>>>>>>>> Total error: 0.35775
 
##################################################################
 
//////////////////////////////////////////////////////////////////////////////////////////////////////////////////////
//////////////////////////////////////////////////////////////////////////////////////////////////////////////////////
 
Starting test 5/10
Folder name: 8B6E4826-77F5-66BF-FCBA-4054D0E84B0B_1to3306
 
//////////////////////////////////////////////////////////////////////////////////////////////////////////////////////
//////////////////////////////////////////////////////////////////////////////////////////////////////////////////////
 
 
------------------------------------------------------------------------------------------------
 
K = 5 --> 1/11
 
------------------------------------------------------------------------------------------------
 
Starting validation iteration 1/1...
 
Error class 1: 0.36425
Error class 2: 0.31928
Error class 3: 0.57777
 
Confusion matrix:
    1    2    3    
1  0.63575     0.14023     0.22402
2  0.13025     0.68072     0.18903
3  0.29037     0.28741     0.42223
 
>>> Total error: 0.35941
 
 
------------------------------------------------------------------------------------------------
 
K = 7 --> 2/11
 
------------------------------------------------------------------------------------------------
 
Starting validation iteration 1/1...
 
Error class 1: 0.38339
Error class 2: 0.31054
Error class 3: 0.5436
 
Confusion matrix:
    1    2    3    
1  0.61661     0.13327     0.25012
2  0.10775     0.68946     0.20279
3  0.25753     0.28606      0.4564
 
>>> Total error: 0.35129
 
 
------------------------------------------------------------------------------------------------
 
K = 11 --> 3/11
 
------------------------------------------------------------------------------------------------
 
Starting validation iteration 1/1...
 
Error class 1: 0.38041
Error class 2: 0.30967
Error class 3: 0.52987
 
Confusion matrix:
    1    2    3    
1  0.61959      0.1365     0.24391
2  0.11074     0.69033     0.19893
3  0.24973     0.28014     0.47013
 
>>> Total error: 0.34844
 
 
------------------------------------------------------------------------------------------------
 
K = 15 --> 4/11
 
------------------------------------------------------------------------------------------------
 
Starting validation iteration 1/1...
 
Error class 1: 0.37419
Error class 2: 0.31165
Error class 3: 0.51399
 
Confusion matrix:
    1    2    3    
1  0.62581      0.1268     0.24739
2  0.10659     0.68835     0.20506
3  0.24031     0.27368     0.48601
 
>>> Total error: 0.34693
 
 
------------------------------------------------------------------------------------------------
 
K = 19 --> 5/11
 
------------------------------------------------------------------------------------------------
 
Starting validation iteration 1/1...
 
Error class 1: 0.38439
Error class 2: 0.31054
Error class 3: 0.51238
 
Confusion matrix:
    1    2    3    
1  0.61561     0.13078     0.25361
2  0.1033     0.68946     0.20723
3  0.2387     0.27368     0.48762
 
>>> Total error: 0.34735
 
 
------------------------------------------------------------------------------------------------
 
K = 21 --> 6/11
 
------------------------------------------------------------------------------------------------
 
Starting validation iteration 1/1...
 
Error class 1: 0.37668
Error class 2: 0.31295
Error class 3: 0.50969
 
Confusion matrix:
    1    2    3    
1  0.62332     0.12954     0.24714
2  0.10581     0.68705     0.20714
3  0.23897     0.27072     0.49031
 
>>> Total error: 0.34767
 
 
------------------------------------------------------------------------------------------------
 
K = 31 --> 7/11
 
------------------------------------------------------------------------------------------------
 
Starting validation iteration 1/1...
 
Error class 1: 0.37544
Error class 2: 0.31624
Error class 3: 0.51265
 
Confusion matrix:
    1    2    3    
1  0.62456     0.12631     0.24913
2  0.10543     0.68376     0.21081
3  0.24031     0.27234     0.48735
 
>>> Total error: 0.35027
 
 
------------------------------------------------------------------------------------------------
 
K = 51 --> 8/11
 
------------------------------------------------------------------------------------------------
 
Starting validation iteration 1/1...
 
Error class 1: 0.38165
Error class 2: 0.32227
Error class 3: 0.51534
 
Confusion matrix:
    1    2    3    
1  0.61835     0.12506     0.25659
2  0.1119     0.67773     0.21037
3  0.24462     0.27072     0.48466
 
>>> Total error: 0.35589
 
 
------------------------------------------------------------------------------------------------
 
K = 81 --> 9/11
 
------------------------------------------------------------------------------------------------
 
Starting validation iteration 1/1...
 
Error class 1: 0.38041
Error class 2: 0.32493
Error class 3: 0.53068
 
Confusion matrix:
    1    2    3    
1  0.61959     0.12655     0.25385
2  0.11948     0.67507     0.20545
3  0.26184     0.26884     0.46932
 
>>> Total error: 0.35965
 
 
------------------------------------------------------------------------------------------------
 
K = 101 --> 10/11
 
------------------------------------------------------------------------------------------------
 
Starting validation iteration 1/1...
 
Error class 1: 0.38538
Error class 2: 0.32619
Error class 3: 0.54037
 
Confusion matrix:
    1    2    3    
1  0.61462     0.13053     0.25485
2  0.12267     0.67381     0.20352
3  0.27099     0.26938     0.45963
 
>>> Total error: 0.36254
 
 
------------------------------------------------------------------------------------------------
 
K = 151 --> 11/11
 
------------------------------------------------------------------------------------------------
 
Starting validation iteration 1/1...
 
Error class 1: 0.38463
Error class 2: 0.32889
Error class 3: 0.5549
 
Confusion matrix:
    1    2    3    
1  0.61537     0.12879     0.25584
2  0.12962     0.67111     0.19927
3  0.27826     0.27664      0.4451
 
>>> Total error: 0.3663
 
##################################################################
 
K values: 
  5.0000  7.0000 11.0000 15.0000 19.0000 21.0000 31.0000 51.0000 81.0000101.0000151.0000

Mean error: 
  0.3594
  0.3513
  0.3484
  0.3469
  0.3473
  0.3477
  0.3503
  0.3559
  0.3597
  0.3625
  0.3663

 
Weighted errors (0.33333 max) for class T
  0.1214
  0.1278
  0.1268
  0.1247
  0.1281
  0.1256
  0.1251
  0.1272
  0.1268
  0.1285
  0.1282

Weighted errors (0.33333 max) for class S
  0.1064
  0.1035
  0.1032
  0.1039
  0.1035
  0.1043
  0.1054
  0.1074
  0.1083
  0.1087
  0.1096

Weighted errors (0.33333 max) for class M
  0.1926
  0.1812
  0.1766
  0.1713
  0.1708
  0.1699
  0.1709
  0.1718
  0.1769
  0.1801
  0.1850

 
Weighted errors mean sum: 
  0.4204
  0.4125
  0.4066
  0.3999
  0.4024
  0.3998
  0.4014
  0.4064
  0.4120
  0.4173
  0.4228

 
Best K: 21
 
 
 >>>>>>>>>> Error class 1: 0.4026
 >>>>>>>>>> Error class 2: 0.22683
 >>>>>>>>>> Error class 3: 0.56272
 
Confusion matrix:
    1    2    3    
1  0.5974     0.12987     0.27273
2  0.095528     0.77317     0.13131
3  0.37634     0.18638     0.43728
 
>>>>>>>>>>>>>>>>>> Total error: 0.26747
 
##################################################################
 
//////////////////////////////////////////////////////////////////////////////////////////////////////////////////////
//////////////////////////////////////////////////////////////////////////////////////////////////////////////////////
 
Starting test 6/10
Folder name: 16F8AB43-5CE7-08B0-FD11-BA1E372425AB_1to3233
 
//////////////////////////////////////////////////////////////////////////////////////////////////////////////////////
//////////////////////////////////////////////////////////////////////////////////////////////////////////////////////
 
 
------------------------------------------------------------------------------------------------
 
K = 5 --> 1/11
 
------------------------------------------------------------------------------------------------
 
Starting validation iteration 1/1...
 
Error class 1: 0.36609
Error class 2: 0.31941
Error class 3: 0.54239
 
Confusion matrix:
    1    2    3    
1  0.63391     0.12738      0.2387
2  0.12622     0.68059     0.19319
3  0.28078     0.26161     0.45761
 
>>> Total error: 0.35235
 
 
------------------------------------------------------------------------------------------------
 
K = 7 --> 2/11
 
------------------------------------------------------------------------------------------------
 
Starting validation iteration 1/1...
 
Error class 1: 0.37289
Error class 2: 0.31044
Error class 3: 0.50813
 
Confusion matrix:
    1    2    3    
1  0.62711     0.11432     0.25857
2  0.10477     0.68956     0.20566
3  0.25465     0.25348     0.49187
 
>>> Total error: 0.34236
 
 
------------------------------------------------------------------------------------------------
 
K = 11 --> 3/11
 
------------------------------------------------------------------------------------------------
 
Starting validation iteration 1/1...
 
Error class 1: 0.37126
Error class 2: 0.31034
Error class 3: 0.49652
 
Confusion matrix:
    1    2    3    
1  0.62874     0.11404     0.25721
2  0.1044     0.68966     0.20594
3  0.24884     0.24768     0.50348
 
>>> Total error: 0.34067
 
 
------------------------------------------------------------------------------------------------
 
K = 15 --> 4/11
 
------------------------------------------------------------------------------------------------
 
Starting validation iteration 1/1...
 
Error class 1: 0.38024
Error class 2: 0.3152
Error class 3: 0.48229
 
Confusion matrix:
    1    2    3    
1  0.61976     0.11704      0.2632
2  0.10262      0.6848     0.21258
3  0.2439     0.23839     0.51771
 
>>> Total error: 0.34376
 
 
------------------------------------------------------------------------------------------------
 
K = 19 --> 5/11
 
------------------------------------------------------------------------------------------------
 
Starting validation iteration 1/1...
 
Error class 1: 0.38106
Error class 2: 0.3159
Error class 3: 0.48171
 
Confusion matrix:
    1    2    3    
1  0.61894     0.11377     0.26728
2  0.099911      0.6841     0.21599
3  0.2378      0.2439     0.51829
 
>>> Total error: 0.34432
 
 
------------------------------------------------------------------------------------------------
 
K = 21 --> 6/11
 
------------------------------------------------------------------------------------------------
 
Starting validation iteration 1/1...
 
Error class 1: 0.38432
Error class 2: 0.31712
Error class 3: 0.48142
 
Confusion matrix:
    1    2    3    
1  0.61568     0.11731     0.26701
