Test Results using: 
 
5-fold BALANCED validations.
 
Sigma values: 
  0.1000  0.4222  0.7444  1.0667  1.3889  1.7111  2.0333  2.3556  2.6778  3.0000

C values: 
  0.1000  0.4222  0.7444  1.0667  1.3889  1.7111  2.0333  2.3556  2.6778  3.0000

With 3 iterations per parameter value.
 
//////////////////////////////////////////////////////////////////////////////////////////////////////////////////////
//////////////////////////////////////////////////////////////////////////////////////////////////////////////////////
 
Starting test 1/10
Folder name: 0BC25B01-7420-DD20-A1C8-3B2BD6C87CB0_1to4255
 
//////////////////////////////////////////////////////////////////////////////////////////////////////////////////////
//////////////////////////////////////////////////////////////////////////////////////////////////////////////////////
 
 
------------------------------------------------------------------------------------------------
 
C = 0.1, sigma = 0.1
C 1/10  ||  Sigma 1/10
 
------------------------------------------------------------------------------------------------
 
Starting validation iteration 1/3...
 
Error class 1: 0.19241
Error class 2: 0.54091
Error class 3: 1
 
Confusion matrix:
    1    2    3    
1  0.80759     0.19241           0
2  0.54079     0.45909  0.00011419
3  0.78843     0.21157           0
 
>>> Total error: 0.5578
 
Starting validation iteration 2/3...
 
Error class 1: 0.19976
Error class 2: 0.99994
Error class 3: 0.80623
 
Confusion matrix:
    1    2    3    
1  0.80024           0     0.19976
2  0.9626  5.7094e-05    0.037339
3  0.80623           0     0.19377
 
>>> Total error: 0.86462
 
Starting validation iteration 3/3...
 
Error class 1: 0.30101
Error class 2: 0.13703
Error class 3: 0.94392
 
Confusion matrix:
    1    2    3    
1  0.69899     0.25635    0.044662
2  0.12852     0.86297    0.008507
3  0.66202      0.2819    0.056083
 
>>> Total error: 0.2718
 
 
------------------------------------------------------------------------------------------------
 
C = 0.1, sigma = 0.42222
C 1/10  ||  Sigma 2/10
 
------------------------------------------------------------------------------------------------
 
Starting validation iteration 1/3...
 
Error class 1: 0.39615
Error class 2: 0.95946
Error class 3: 0.80297
 
Confusion matrix:
    1    2    3    
1  0.60385     0.19578     0.20037
2  0.92098    0.040537    0.038481
3  0.61128     0.19169     0.19703
 
>>> Total error: 0.86139
 
Starting validation iteration 2/3...
 
Error class 1: 0.39339
Error class 2: 0.92498
Error class 3: 0.99822
 
Confusion matrix:
    1    2    3    
1  0.60661     0.39186   0.0015295
2  0.92258    0.075021   0.0023979
3  0.61513     0.38309   0.0017804
 
>>> Total error: 0.86325
 
Starting validation iteration 3/3...
 
Error class 1: 0.0039768
Error class 2: 0.99663
Error class 3: 0.99763
 
Confusion matrix:
    1    2    3    
1  0.99602   0.0027531   0.0012236
2  0.99583   0.0033685  0.00079931
3  0.99674  0.00089021   0.0023739
 
>>> Total error: 0.86242
 
 
------------------------------------------------------------------------------------------------
 
C = 0.1, sigma = 0.74444
C 1/10  ||  Sigma 3/10
 
------------------------------------------------------------------------------------------------
 
Starting validation iteration 1/3...
 
Error class 1: 0.95993
Error class 2: 0.92578
Error class 3: 0.19792
 
Confusion matrix:
    1    2    3    
1  0.040073      0.1915     0.76843
2  0.042592    0.074222     0.88319
3  0.021365     0.17656     0.80208
 
>>> Total error: 0.82885
 
Starting validation iteration 2/3...
 
Error class 1: 0.88682
Error class 2: 0.20194
Error class 3: 0.31217
 
Confusion matrix:
    1    2    3    
1  0.11318     0.20587     0.68094
2  0.034142     0.79806      0.1678
3  0.08546     0.22671     0.68783
 
>>> Total error: 0.31001
 
Starting validation iteration 3/3...
 
Error class 1: 0.81095
Error class 2: 0.88752
Error class 3: 0.54777
 
Confusion matrix:
    1    2    3    
1  0.18905     0.39768     0.41328
2  0.04048     0.11248     0.84705
3  0.1638     0.38398     0.45223
 
>>> Total error: 0.82976
 
 
------------------------------------------------------------------------------------------------
 
C = 0.1, sigma = 1.0667
C 1/10  ||  Sigma 4/10
 
------------------------------------------------------------------------------------------------
 
Starting validation iteration 1/3...
 
Error class 1: 0.57143
Error class 2: 0.68433
Error class 3: 0.47062
 
Confusion matrix:
    1    2    3    
1  0.42857     0.11227     0.45916
2  0.15604     0.31567     0.52829
3  0.36558     0.10504     0.52938
 
>>> Total error: 0.63923
 
Starting validation iteration 2/3...
 
Error class 1: 0.57571
Error class 2: 0.72092
Error class 3: 0.5003
 
Confusion matrix:
    1    2    3    
1  0.42429     0.12726     0.44846
2  0.15107     0.27908     0.56985
3  0.38071     0.11958      0.4997
 
>>> Total error: 0.67049
 
Starting validation iteration 3/3...
 
Error class 1: 0.22178
Error class 2: 0.85892
Error class 3: 0.7632
 
Confusion matrix:
    1    2    3    
1  0.77822    0.074335     0.14745
2  0.69563     0.14108     0.16329
3  0.6822    0.081009      0.2368
 
>>> Total error: 0.75934
 
 
------------------------------------------------------------------------------------------------
 
C = 0.1, sigma = 1.3889
C 1/10  ||  Sigma 5/10
 
------------------------------------------------------------------------------------------------
 
Starting validation iteration 1/3...
 
Error class 1: 0.11288
Error class 2: 0.93737
Error class 3: 0.88101
 
Confusion matrix:
    1    2    3    
1  0.88712    0.043132    0.069746
2  0.85127    0.062632    0.086098
3  0.83591    0.045104     0.11899
 
>>> Total error: 0.81792
 
Starting validation iteration 2/3...
 
Error class 1: 0.17253
Error class 2: 0.93577
Error class 3: 0.82077
 
Confusion matrix:
    1    2    3    
1  0.82747    0.049862     0.12267
2  0.79366    0.064231     0.14211
3  0.77033    0.050445     0.17923
 
>>> Total error: 0.81643
 
Starting validation iteration 3/3...
 
Error class 1: 0.17498
Error class 2: 0.8684
Error class 3: 0.79021
 
Confusion matrix:
    1    2    3    
1  0.82502    0.046497     0.12848
2  0.58327      0.1316     0.28513
3  0.74184    0.048368     0.20979
 
>>> Total error: 0.76364
 
 
------------------------------------------------------------------------------------------------
 
C = 0.1, sigma = 1.7111
C 1/10  ||  Sigma 6/10
 
------------------------------------------------------------------------------------------------
 
Starting validation iteration 1/3...
 
Error class 1: 0.12022
Error class 2: 0.91379
Error class 3: 0.8911
 
Confusion matrix:
    1    2    3    
1  0.87978    0.059039    0.061181
2  0.8145    0.086212    0.099286
3  0.82997    0.061128      0.1089
 
>>> Total error: 0.80322
 
Starting validation iteration 2/3...
 
Error class 1: 0.16458
Error class 2: 0.87251
Error class 3: 0.84807
 
Confusion matrix:
    1    2    3    
1  0.83542    0.072805    0.091771
2  0.65687     0.12749     0.21564
3  0.78694    0.061128     0.15193
 
>>> Total error: 0.77329
 
Starting validation iteration 3/3...
 
Error class 1: 0.12389
Error class 2: 0.89832
Error class 3: 0.8816
 
Confusion matrix:
    1    2    3    
1  0.87611    0.058428    0.065463
2  0.79446     0.10168     0.10385
3  0.82107    0.060534      0.1184
 
>>> Total error: 0.79117
 
 
------------------------------------------------------------------------------------------------
 
C = 0.1, sigma = 2.0333
C 1/10  ||  Sigma 7/10
 
------------------------------------------------------------------------------------------------
 
Starting validation iteration 1/3...
 
Error class 1: 0.19914
Error class 2: 0.82426
Error class 3: 0.8727
 
Confusion matrix:
    1    2    3    
1  0.80086     0.11838    0.080759
2  0.71955     0.17574     0.10471
3  0.74896     0.12374      0.1273
 
>>> Total error: 0.74642
 
Starting validation iteration 2/3...
 
Error class 1: 0.1967
Error class 2: 0.83768
Error class 3: 0.87181
 
Confusion matrix:
    1    2    3    
1  0.8033     0.12726     0.06944
2  0.73668     0.16232       0.101
3  0.74303     0.12878     0.12819
 
>>> Total error: 0.75569
 
Starting validation iteration 3/3...
 
Error class 1: 0.19761
Error class 2: 0.81347
Error class 3: 0.87122
 
Confusion matrix:
    1    2    3    
1  0.80239     0.12359    0.074029
2  0.71025     0.18653     0.10323
3  0.74065     0.13056     0.12878
 
>>> Total error: 0.73818
 
 
------------------------------------------------------------------------------------------------
 
C = 0.1, sigma = 2.3556
C 1/10  ||  Sigma 8/10
 
------------------------------------------------------------------------------------------------
 
Starting validation iteration 1/3...
 
Error class 1: 0.28571
Error class 2: 0.75216
Error class 3: 0.83887
 
Confusion matrix:
    1    2    3    
1  0.71429      0.1863    0.099419
2  0.64014     0.24784     0.11202
3  0.64659     0.19228     0.16113
 
>>> Total error: 0.70113
 
Starting validation iteration 2/3...
 
Error class 1: 0.30988
Error class 2: 0.72207
Error class 3: 0.82344
 
Confusion matrix:
    1    2    3    
1  0.69012     0.19547     0.11441
2  0.61918     0.27793     0.10288
3  0.62463     0.19881     0.17656
 
>>> Total error: 0.68043
 
Starting validation iteration 3/3...
 
Error class 1: 0.28786
Error class 2: 0.7622
Error class 3: 0.827
 
Confusion matrix:
    1    2    3    
1  0.71214     0.18415      0.1037
2  0.62809      0.2378     0.13411
3  0.63858     0.18843       0.173
 
>>> Total error: 0.70705
 
 
------------------------------------------------------------------------------------------------
 
C = 0.1, sigma = 2.6778
C 1/10  ||  Sigma 9/10
 
------------------------------------------------------------------------------------------------
 
Starting validation iteration 1/3...
 
Error class 1: 0.35944
Error class 2: 0.70854
Error class 3: 0.80297
 
Confusion matrix:
    1    2    3    
1  0.64056     0.23769     0.12175
2  0.57471     0.29146     0.13383
3  0.55846     0.24451     0.19703
 
>>> Total error: 0.67446
 
Starting validation iteration 2/3...
 
Error class 1: 0.3888
Error class 2: 0.68872
Error class 3: 0.79407
 
Confusion matrix:
    1    2    3    
1  0.6112     0.25971     0.12909
2  0.55992     0.31128      0.1288
3  0.53531     0.25875     0.20593
 
>>> Total error: 0.66283
 
Starting validation iteration 3/3...
 
Error class 1: 0.3732
Error class 2: 0.66195
Error class 3: 0.80059
 
Confusion matrix:
    1    2    3    
1  0.6268     0.25512     0.11808
2  0.53446     0.33805     0.12749
3  0.54243     0.25816     0.19941
 
>>> Total error: 0.64221
 
 
------------------------------------------------------------------------------------------------
 
C = 0.1, sigma = 3
C 1/10  ||  Sigma 10/10
 
------------------------------------------------------------------------------------------------
 
Starting validation iteration 1/3...
 
Error class 1: 0.41848
Error class 2: 0.61484
Error class 3: 0.78724
 
Confusion matrix:
    1    2    3    
1  0.58152        0.29     0.12848
2  0.45869     0.38516     0.15615
3  0.48605     0.30119     0.21276
 
>>> Total error: 0.61232
 
Starting validation iteration 2/3...
 
Error class 1: 0.43041
Error class 2: 0.6386
Error class 3: 0.77864
 
Confusion matrix:
    1    2    3    
1  0.56959     0.29826     0.13215
2  0.50465      0.3614     0.13394
3  0.47003     0.30861     0.22136
 
>>> Total error: 0.62996
 
Starting validation iteration 3/3...
 
Error class 1: 0.41511
Error class 2: 0.61273
Error class 3: 0.79258
 
Confusion matrix:
    1    2    3    
1  0.58489     0.28235     0.13276
2  0.49483     0.38727      0.1179
3  0.5003     0.29228     0.20742
 
>>> Total error: 0.61108
 
 
------------------------------------------------------------------------------------------------
 
C = 0.42222, sigma = 0.1
C 2/10  ||  Sigma 1/10
 
------------------------------------------------------------------------------------------------
 
Starting validation iteration 1/3...
 
Error class 1: 0.29244
Error class 2: 0.56586
Error class 3: 0.80623
 
Confusion matrix:
    1    2    3    
1  0.70756    0.092689     0.19976
2  0.52846     0.43414    0.037397
3  0.70593      0.1003     0.19377
 
>>> Total error: 0.56239
 
Starting validation iteration 2/3...
 
Error class 1: 0.20098
Error class 2: 0.14964
Error class 3: 1
 
Confusion matrix:
    1    2    3    
1  0.79902     0.20098           0
2  0.14953     0.85036  0.00011419
3  0.77507     0.22493           0
 
>>> Total error: 0.27523
 
Starting validation iteration 3/3...
 
Error class 1: 0.15387
Error class 2: 0.55421
Error class 3: 1
 
Confusion matrix:
    1    2    3    
1  0.84613     0.15387           0
2  0.55398     0.44579  0.00022838
3  0.84926     0.15074           0
 
>>> Total error: 0.56223
 
 
------------------------------------------------------------------------------------------------
 
C = 0.42222, sigma = 0.42222
C 2/10  ||  Sigma 2/10
 
------------------------------------------------------------------------------------------------
 
Starting validation iteration 1/3...
 
Error class 1: 0.39829
Error class 2: 0.92184
Error class 3: 0.99733
 
Confusion matrix:
    1    2    3    
1  0.60171     0.39584   0.0024472
2  0.92064    0.078162    0.001199
3  0.60979     0.38754   0.0026706
 
>>> Total error: 0.86151
 
Starting validation iteration 2/3...
 
Error class 1: 0.20098
Error class 2: 0.1521
Error class 3: 0.99792
 
Confusion matrix:
    1    2    3    
1  0.79902     0.20006  0.00091771
2  0.15141      0.8479  0.00068513
3  0.77359     0.22433   0.0020772
 
>>> Total error: 0.27672
 
Starting validation iteration 3/3...
 
Error class 1: 0.78893
Error class 2: 0.1183
Error class 3: 0.61246
 
Confusion matrix:
    1    2    3    
1  0.21107     0.39462     0.39431
2  0.043905      0.8817    0.074393
3  0.2     0.41246     0.38754
 
>>> Total error: 0.27801
 
 
------------------------------------------------------------------------------------------------
 
C = 0.42222, sigma = 0.74444
C 2/10  ||  Sigma 3/10
 
------------------------------------------------------------------------------------------------
 
Starting validation iteration 1/3...
 
Error class 1: 0.76354
Error class 2: 0.92252
Error class 3: 0.41899
 
Confusion matrix:
    1    2    3    
1  0.23646     0.20496     0.55858
2  0.097117    0.077476     0.82541
3  0.21632     0.20267     0.58101
 
>>> Total error: 0.83075
 
Starting validation iteration 2/3...
 
Error class 1: 0.5647
Error class 2: 0.88815
Error class 3: 0.8092
 
Confusion matrix:
    1    2    3    
1  0.4353     0.38054     0.18415
2  0.84139     0.11185     0.04676
3  0.43353     0.37567      0.1908
 
>>> Total error: 0.83336
 
Starting validation iteration 3/3...
 
Error class 1: 0.78893
Error class 2: 0.058578
Error class 3: 0.98131
 
Confusion matrix:
    1    2    3    
1  0.21107     0.77149    0.017437
2  0.04716     0.94142    0.011419
3  0.2     0.78131    0.018694
 
>>> Total error: 0.28616
 
 
------------------------------------------------------------------------------------------------
 
C = 0.42222, sigma = 1.0667
C 2/10  ||  Sigma 4/10
 
------------------------------------------------------------------------------------------------
 
Starting validation iteration 1/3...
 
Error class 1: 0.39553
Error class 2: 0.81353
Error class 3: 0.61335
 
Confusion matrix:
    1    2    3    
1  0.60447    0.084429      0.3111
2  0.25504     0.18647     0.55849
3  0.53472    0.078635     0.38665
 
>>> Total error: 0.72903
 
Starting validation iteration 2/3...
 
Error class 1: 0.31049
Error class 2: 0.82284
Error class 3: 0.69822
 
Confusion matrix:
    1    2    3    
1  0.68951    0.077088      0.2334
2  0.64413     0.17716      0.1787
3  0.61217    0.086053     0.30178
 
>>> Total error: 0.73611
 
Starting validation iteration 3/3...
 
Error class 1: 0.42337
Error class 2: 0.87456
Error class 3: 0.57418
 
Confusion matrix:
    1    2    3    
1  0.57663    0.083512     0.33986
2  0.63066     0.12544     0.24391
3  0.48635    0.087834     0.42582
 
>>> Total error: 0.77159
 
 
------------------------------------------------------------------------------------------------
 
C = 0.42222, sigma = 1.3889
C 2/10  ||  Sigma 5/10
 
------------------------------------------------------------------------------------------------
 
Starting validation iteration 1/3...
 
Error class 1: 0.20893
Error class 2: 0.84653
Error class 3: 0.82967
 
Confusion matrix:
    1    2    3    
1  0.79107     0.11013    0.098807
2  0.7038     0.15347     0.14273
3  0.71246     0.11721     0.17033
 
>>> Total error: 0.75789
 
Starting validation iteration 2/3...
 
Error class 1: 0.20526
Error class 2: 0.83854
Error class 3: 0.83264
 
Confusion matrix:
    1    2    3    
1  0.79474      0.1089     0.09636
2  0.72064     0.16146      0.1179
3  0.71424      0.1184     0.16736
 
>>> Total error: 0.75201
 
Starting validation iteration 3/3...
 
Error class 1: 0.22606
Error class 2: 0.8515
Error class 3: 0.80742
 
Confusion matrix:
    1    2    3    
1  0.77394     0.10951     0.11655
2  0.68884      0.1485     0.16266
3  0.6908     0.11662     0.19258
 
>>> Total error: 0.7607
 
 
------------------------------------------------------------------------------------------------
 
C = 0.42222, sigma = 1.7111
C 2/10  ||  Sigma 6/10
 
------------------------------------------------------------------------------------------------
 
Starting validation iteration 1/3...
 
Error class 1: 0.28449
Error class 2: 0.77157
Error class 3: 0.80267
 
Confusion matrix:
    1    2    3    
1  0.71551     0.17467     0.10982
2  0.64465     0.22843     0.12692
3  0.61068     0.19199     0.19733
 
>>> Total error: 0.70999
 
Starting validation iteration 2/3...
 
Error class 1: 0.29153
Error class 2: 0.77676
Error class 3: 0.79585
 
Confusion matrix:
    1    2    3    
1  0.70847     0.18171     0.10982
2  0.64059     0.22324     0.13617
3  0.60297     0.19288     0.20415
 
>>> Total error: 0.71375
 
Starting validation iteration 3/3...
 
Error class 1: 0.28877
Error class 2: 0.77185
Error class 3: 0.7911
 
Confusion matrix:
    1    2    3    
1  0.71123     0.16855     0.12022
2  0.62381     0.22815     0.14804
3  0.6089      0.1822      0.2089
 
>>> Total error: 0.70916
 
 
------------------------------------------------------------------------------------------------
 
C = 0.42222, sigma = 2.0333
C 2/10  ||  Sigma 7/10
 
------------------------------------------------------------------------------------------------
 
Starting validation iteration 1/3...
 
Error class 1: 0.35301
Error class 2: 0.68216
Error class 3: 0.76855
 
Confusion matrix:
    1    2    3    
1  0.64699     0.22392     0.12909
2  0.54782     0.31784     0.13434
3  0.52226     0.24629     0.23145
 
>>> Total error: 0.64966
 
Starting validation iteration 2/3...
 
Error class 1: 0.34781
Error class 2: 0.71504
Error class 3: 0.76647
 
Confusion matrix:
    1    2    3    
1  0.65219     0.22178     0.12603
2  0.56477     0.28496     0.15027
3  0.52671     0.23976     0.23353
 
>>> Total error: 0.67252
 
Starting validation iteration 3/3...
 
Error class 1: 0.34842
Error class 2: 0.6942
Error class 3: 0.78279
 
Confusion matrix:
    1    2    3    
1  0.65158     0.22576     0.12267
2  0.56791      0.3058     0.12629
3  0.52849      0.2543     0.21721
 
>>> Total error: 0.65977
 
 
------------------------------------------------------------------------------------------------
 
C = 0.42222, sigma = 2.3556
C 2/10  ||  Sigma 8/10
 
------------------------------------------------------------------------------------------------
 
Starting validation iteration 1/3...
 
Error class 1: 0.38391
Error class 2: 0.68929
Error class 3: 0.7457
 
Confusion matrix:
    1    2    3    
1  0.61609      0.2331     0.15081
2  0.52235     0.31071     0.16694
3  0.48961     0.25608      0.2543
 
>>> Total error: 0.65583
 
Starting validation iteration 2/3...
 
Error class 1: 0.40012
Error class 2: 0.66006
Error class 3: 0.76083
 
Confusion matrix:
    1    2    3    
1  0.59988      0.2695     0.13062
2  0.50916     0.33994      0.1509
3  0.47418     0.28665     0.23917
 
>>> Total error: 0.63894
 
Starting validation iteration 3/3...
 
Error class 1: 0.39339
Error class 2: 0.69483
Error class 3: 0.76261
 
Confusion matrix:
    1    2    3    
1  0.60661     0.25788     0.13552
2  0.52606     0.30517     0.16877
3  0.47923     0.28338     0.23739
 
>>> Total error: 0.66349
 
 
------------------------------------------------------------------------------------------------
 
C = 0.42222, sigma = 2.6778
C 2/10  ||  Sigma 9/10
 
------------------------------------------------------------------------------------------------
 
Starting validation iteration 1/3...
 
Error class 1: 0.4145
Error class 2: 0.63506
Error class 3: 0.76024
 
Confusion matrix:
    1    2    3    
1  0.5855     0.27256     0.14194
2  0.49181     0.36494     0.14325
3  0.45371     0.30653     0.23976
 
>>> Total error: 0.62267
 
Starting validation iteration 2/3...
 
Error class 1: 0.42704
Error class 2: 0.6443
Error class 3: 0.74065
 
Confusion matrix:
    1    2    3    
1  0.57296     0.28663     0.14041
2  0.48673      0.3557     0.15758
3  0.44095      0.2997     0.25935
 
>>> Total error: 0.62834
 
Starting validation iteration 3/3...
 
Error class 1: 0.41634
Error class 2: 0.62883
Error class 3: 0.74629
 
Confusion matrix:
    1    2    3    
1  0.58366     0.26828     0.14806
2  0.47068     0.37117     0.15815
3  0.44985     0.29644     0.25371
 
>>> Total error: 0.61646
 
 
------------------------------------------------------------------------------------------------
 
C = 0.42222, sigma = 3
C 2/10  ||  Sigma 10/10
 
------------------------------------------------------------------------------------------------
 
Starting validation iteration 1/3...
 
Error class 1: 0.44203
Error class 2: 0.61347
Error class 3: 0.73976
 
Confusion matrix:
    1    2    3    
1  0.55797     0.28694     0.15509
2  0.45955     0.38653     0.15393
3  0.42344     0.31632     0.26024
 
>>> Total error: 0.60789
 
Starting validation iteration 2/3...
 
Error class 1: 0.42429
Error class 2: 0.63237
Error class 3: 0.74926
 
Confusion matrix:
    1    2    3    
1  0.57571     0.27868     0.14561
2  0.4829     0.36763     0.14947
3  0.43501     0.31424     0.25074
 
>>> Total error: 0.62052
 
Starting validation iteration 3/3...
 
Error class 1: 0.43928
Error class 2: 0.62683
Error class 3: 0.72908
 
Confusion matrix:
    1    2    3    
1  0.56072     0.28755     0.15173
2  0.46377     0.37317     0.16306
3  0.4276     0.30148     0.27092
 
>>> Total error: 0.61572
 
 
------------------------------------------------------------------------------------------------
 
C = 0.74444, sigma = 0.1
C 3/10  ||  Sigma 1/10
 
------------------------------------------------------------------------------------------------
 
Starting validation iteration 1/3...
 
Error class 1: 0.20098
Error class 2: 0.14964
Error class 3: 1
 
Confusion matrix:
    1    2    3    
1  0.79902     0.20098           0
2  0.14941     0.85036  0.00022838
3  0.77507     0.22493           0
 
>>> Total error: 0.27523
 
Starting validation iteration 2/3...
 
Error class 1: 0.092689
Error class 2: 0.5674
Error class 3: 1
 
Confusion matrix:
    1    2    3    
1  0.90731    0.092689           0
2  0.56717      0.4326  0.00022838
3  0.90564    0.094362           0
 
>>> Total error: 0.56351
 
Starting validation iteration 3/3...
 
Error class 1: 0
Error class 2: 0.99983
Error class 3: 1
 
Confusion matrix:
    1    2    3    
1  1  0  0
2  0.99971  0.00017128  0.00011419
3  1  0  0
 
>>> Total error: 0.86454
 
 
------------------------------------------------------------------------------------------------
 
C = 0.74444, sigma = 0.42222
C 3/10  ||  Sigma 2/10
 
------------------------------------------------------------------------------------------------
 
Starting validation iteration 1/3...
 
Error class 1: 0.38605
Error class 2: 0.15821
Error class 3: 0.81217
 
Confusion matrix:
    1    2    3    
1  0.61395     0.20006     0.18599
2  0.12235     0.84179    0.035855
3  0.58872     0.22344     0.18783
 
>>> Total error: 0.28028
 
Starting validation iteration 2/3...
 
Error class 1: 0.20251
Error class 2: 0.15358
Error class 3: 0.99911
 
Confusion matrix:
    1    2    3    
1  0.79749      0.2019  0.00061181
2  0.15295     0.84642  0.00062803
3  0.7727     0.22641  0.00089021
 
>>> Total error: 0.27817
 
Starting validation iteration 3/3...
 
Error class 1: 0.39186
Error class 2: 0.1167
Error class 3: 0.99614
 
Confusion matrix:
    1    2    3    
1  0.60814     0.39033   0.0015295
2  0.11504      0.8833   0.0016557
3  0.58546     0.41068   0.0038576
 
>>> Total error: 0.27664
 
 
------------------------------------------------------------------------------------------------
 
C = 0.74444, sigma = 0.74444
C 3/10  ||  Sigma 3/10
 
------------------------------------------------------------------------------------------------
 
Starting validation iteration 1/3...
 
Error class 1: 0.90211
Error class 2: 0.26315
Error class 3: 0.31098
 
Confusion matrix:
    1    2    3    
1  0.097889     0.22484     0.67727
2  0.079475     0.73685     0.18367
3  0.068843     0.24214     0.68902
 
>>> Total error: 0.3563
 
Starting validation iteration 2/3...
 
Error class 1: 0.89416
Error class 2: 0.24156
Error class 3: 0.46291
 
Confusion matrix:
    1    2    3    
1  0.10584     0.38819     0.50597
2  0.091236     0.75844     0.15033
3  0.078338     0.38457     0.53709
 
>>> Total error: 0.36077
 
Starting validation iteration 3/3...
 
Error class 1: 0.90701
Error class 2: 0.23877
Error class 3: 0.46172
 
Confusion matrix:
    1    2    3    
1  0.092995     0.39095     0.51606
2  0.084385     0.76123     0.15438
3  0.063501     0.39822     0.53828
 
>>> Total error: 0.36031
 
 
------------------------------------------------------------------------------------------------
 
C = 0.74444, sigma = 1.0667
C 3/10  ||  Sigma 4/10
 
------------------------------------------------------------------------------------------------
 
Starting validation iteration 1/3...
 
Error class 1: 0.22239
Error class 2: 0.84185
Error class 3: 0.80564
 
Confusion matrix:
    1    2    3    
1  0.77761     0.11013     0.11227
2  0.67862     0.15815     0.16323
3  0.68991     0.11573     0.19436
 
>>> Total error: 0.75296
 
Starting validation iteration 2/3...
 
Error class 1: 0.25971
Error class 2: 0.83751
Error class 3: 0.77656
 
Confusion matrix:
    1    2    3    
1  0.74029     0.11533     0.14439
2  0.65989     0.16249     0.17762
3  0.65579     0.12077     0.22344
 
>>> Total error: 0.75081
 
Starting validation iteration 3/3...
 
Error class 1: 0.23096
Error class 2: 0.84019
Error class 3: 0.79614
 
Confusion matrix:
    1    2    3    
1  0.76904      0.1037     0.12726
2  0.68484     0.15981     0.15535
3  0.68576     0.11039     0.20386
 
>>> Total error: 0.75159
 
 
------------------------------------------------------------------------------------------------
 
C = 0.74444, sigma = 1.3889
C 3/10  ||  Sigma 5/10
 
------------------------------------------------------------------------------------------------
 
Starting validation iteration 1/3...
 
Error class 1: 0.30284
Error class 2: 0.7545
Error class 3: 0.79436
 
Confusion matrix:
    1    2    3    
1  0.69716     0.18415     0.11869
2  0.60719      0.2455      0.1473
3  0.60059     0.19377     0.20564
 
>>> Total error: 0.69893
 
Starting validation iteration 2/3...
 
Error class 1: 0.29764
Error class 2: 0.7678
Error class 3: 0.78754
 
Confusion matrix:
    1    2    3    
1  0.70236     0.17895     0.11869
2  0.62227      0.2322     0.14553
3  0.59407     0.19347     0.21246
 
>>> Total error: 0.70692
 
Starting validation iteration 3/3...
 
Error class 1: 0.29887
Error class 2: 0.75718
Error class 3: 0.79169
 
Confusion matrix:
    1    2    3    
1  0.70113     0.17987       0.119
2  0.6141     0.24282     0.14308
3  0.59881     0.19288     0.20831
 
>>> Total error: 0.69997
 
 
------------------------------------------------------------------------------------------------
 
C = 0.74444, sigma = 1.7111
C 3/10  ||  Sigma 6/10
 
------------------------------------------------------------------------------------------------
 
Starting validation iteration 1/3...
 
Error class 1: 0.34934
Error class 2: 0.69592
Error class 3: 0.77092
 
Confusion matrix:
    1    2    3    
1  0.65066     0.22331     0.12603
2  0.55341     0.30408     0.14251
3  0.52878     0.24214     0.22908
 
>>> Total error: 0.65948
 
Starting validation iteration 2/3...
 
Error class 1: 0.35913
Error class 2: 0.69124
Error class 3: 0.76528
 
Confusion matrix:
    1    2    3    
1  0.64087     0.22576     0.13337
2  0.5477     0.30876     0.14353
3  0.52136     0.24392     0.23472
 
>>> Total error: 0.65662
 
Starting validation iteration 3/3...
 
Error class 1: 0.35057
Error class 2: 0.70585
Error class 3: 0.77389
 
Confusion matrix:
    1    2    3    
1  0.64943     0.22362     0.12695
2  0.55781     0.29415     0.14804
3  0.52374     0.25015     0.22611
 
>>> Total error: 0.66726
 
 
------------------------------------------------------------------------------------------------
 
C = 0.74444, sigma = 2.0333
C 3/10  ||  Sigma 7/10
 
------------------------------------------------------------------------------------------------
 
Starting validation iteration 1/3...
 
Error class 1: 0.38269
Error class 2: 0.67405
Error class 3: 0.75786
 
Confusion matrix:
    1    2    3    
1  0.61731     0.24319     0.13949
2  0.52287     0.32595     0.15118
3  0.47804     0.27982     0.24214
 
>>> Total error: 0.64631
 
Starting validation iteration 2/3...
 
Error class 1: 0.39095
Error class 2: 0.67673
Error class 3: 0.75905
 
Confusion matrix:
    1    2    3    
1  0.60905     0.25482     0.13613
2  0.52635     0.32327     0.15039
3  0.47864     0.28042     0.24095
 
>>> Total error: 0.64954
 
Starting validation iteration 3/3...
 
Error class 1: 0.37626
Error class 2: 0.69106
Error class 3: 0.76202
 
Confusion matrix:
    1    2    3    
1  0.62374     0.24717     0.12909
2  0.5324     0.30894     0.15866
3  0.47596     0.28605     0.23798
 
>>> Total error: 0.65836
 
 
------------------------------------------------------------------------------------------------
 
C = 0.74444, sigma = 2.3556
C 3/10  ||  Sigma 8/10
 
------------------------------------------------------------------------------------------------
 
Starting validation iteration 1/3...
 
Error class 1: 0.40441
Error class 2: 0.66041
Error class 3: 0.73798
 
Confusion matrix:
    1    2    3    
1  0.59559     0.25757     0.14683
2  0.49974     0.33959     0.16066
3  0.45401     0.28398     0.26202
 
>>> Total error: 0.63658
 
Starting validation iteration 2/3...
 
Error class 1: 0.41205
Error class 2: 0.65275
Error class 3: 0.74629
 
Confusion matrix:
    1    2    3    
1  0.58795     0.26705       0.145
2  0.5014     0.34725     0.15136
3  0.45786     0.28843     0.25371
 
>>> Total error: 0.63323
 
Starting validation iteration 3/3...
 
Error class 1: 0.41175
Error class 2: 0.67342
Error class 3: 0.74807
 
Confusion matrix:
    1    2    3    
1  0.58825     0.26583     0.14592
2  0.51693     0.32658     0.15649
3  0.45964     0.28843     0.25193
 
>>> Total error: 0.64842
 
 
------------------------------------------------------------------------------------------------
 
C = 0.74444, sigma = 2.6778
C 3/10  ||  Sigma 9/10
 
------------------------------------------------------------------------------------------------
 
Starting validation iteration 1/3...
 
Error class 1: 0.43561
Error class 2: 0.62238
Error class 3: 0.73769
 
Confusion matrix:
    1    2    3    
1  0.56439     0.28541      0.1502
2  0.47017     0.37762     0.15221
3  0.43027     0.30742     0.26231
 
>>> Total error: 0.61319
 
Starting validation iteration 2/3...
 
Error class 1: 0.43132
Error class 2: 0.64402
Error class 3: 0.74095
 
Confusion matrix:
    1    2    3    
1  0.56868     0.28082      0.1505
2  0.4821     0.35598     0.16192
3  0.43383     0.30712     0.25905
 
>>> Total error: 0.62876
 
Starting validation iteration 3/3...
 
Error class 1: 0.42031
Error class 2: 0.63597
Error class 3: 0.74243
 
Confusion matrix:
    1    2    3    
1  0.57969     0.26675     0.15356
2  0.47725     0.36403     0.15872
3  0.43086     0.31157     0.25757
 
>>> Total error: 0.62164
 
 
------------------------------------------------------------------------------------------------
 
C = 0.74444, sigma = 3
C 3/10  ||  Sigma 10/10
 
------------------------------------------------------------------------------------------------
 
Starting validation iteration 1/3...
 
Error class 1: 0.44601
Error class 2: 0.60822
Error class 3: 0.73175
 
Confusion matrix:
    1    2    3    
1  0.55399     0.28694     0.15907
2  0.4495     0.39178     0.15872
3  0.42166     0.31009     0.26825
 
>>> Total error: 0.6035
 
Starting validation iteration 2/3...
 
Error class 1: 0.45304
Error class 2: 0.61998
Error class 3: 0.73056
 
Confusion matrix:
    1    2    3    
1  0.54696     0.29244      0.1606
2  0.44899     0.38002       0.171
3  0.41276      0.3178     0.26944
 
>>> Total error: 0.61282
 
Starting validation iteration 3/3...
 
Error class 1: 0.45916
Error class 2: 0.62375
Error class 3: 0.73294
 
Confusion matrix:
    1    2    3    
1  0.54084     0.29856      0.1606
2  0.45624     0.37625     0.16751
3  0.40415     0.32878     0.26706
 
>>> Total error: 0.61671
 
 
------------------------------------------------------------------------------------------------
 
C = 1.0667, sigma = 0.1
C 4/10  ||  Sigma 1/10
 
------------------------------------------------------------------------------------------------
 
Starting validation iteration 1/3...
 
Error class 1: 0.2643
Error class 2: 0.69569
Error class 3: 0.83234
 
Confusion matrix:
    1    2    3    
1  0.7357     0.11716     0.14714
2  0.66697     0.30431    0.028718
3  0.71513     0.11721     0.16766
 
>>> Total error: 0.65637
 
Starting validation iteration 2/3...
 
Error class 1: 0.16121
Error class 2: 0.6889
Error class 3: 1
 
Confusion matrix:
    1    2    3    
1  0.83879     0.16121           0
2  0.68867      0.3111  0.00022838
3  0.8178      0.1822           0
 
>>> Total error: 0.66088
 
Starting validation iteration 3/3...
 
Error class 1: 0.19639
Error class 2: 0.98721
Error class 3: 0.84807
 
Confusion matrix:
    1    2    3    
1  0.80361    0.058122     0.13827
2  0.96061    0.012789    0.026606
3  0.79466    0.053412     0.15193
 
>>> Total error: 0.86077
 
 
------------------------------------------------------------------------------------------------
 
C = 1.0667, sigma = 0.42222
C 4/10  ||  Sigma 2/10
 
------------------------------------------------------------------------------------------------
 
Starting validation iteration 1/3...
 
Error class 1: 0.92108
Error class 2: 0.91213
Error class 3: 0.088131
 
Confusion matrix:
    1    2    3    
1  0.078923    0.043132     0.87794
2  0.077134    0.087868       0.835
3  0.052226    0.035905     0.91187
 
>>> Total error: 0.79838
 
Starting validation iteration 2/3...
 
Error class 1: 0.5702
Error class 2: 0.16923
Error class 3: 0.79525
 
Confusion matrix:
    1    2    3    
1  0.4298     0.39095     0.17926
2  0.12264     0.83077    0.046589
3  0.39703     0.39822     0.20475
 
>>> Total error: 0.31084
 
Starting validation iteration 3/3...
 
Error class 1: 0.42001
Error class 2: 0.94616
Error class 3: 0.60148
 
Confusion matrix:
    1    2    3    
1  0.57999    0.052004       0.368
2  0.83877     0.05384     0.10739
3  0.55994    0.041543     0.39852
 
>>> Total error: 0.82686
 
 
------------------------------------------------------------------------------------------------
 
C = 1.0667, sigma = 0.74444
C 4/10  ||  Sigma 3/10
 
------------------------------------------------------------------------------------------------
 
Starting validation iteration 1/3...
 
Error class 1: 0.50015
Error class 2: 0.7722
Error class 3: 0.60593
 
Confusion matrix:
    1    2    3    
1  0.49985     0.16733     0.33282
2  0.57402      0.2278     0.19817
3  0.43383     0.17211     0.39407
 
>>> Total error: 0.71218
 
Starting validation iteration 2/3...
 
Error class 1: 0.56806
Error class 2: 0.76534
Error class 3: 0.55193
 
Confusion matrix:
    1    2    3    
1  0.43194     0.17008     0.39798
2  0.3453     0.23466     0.42004
3  0.37092     0.18101     0.44807
 
>>> Total error: 0.70887
 
Starting validation iteration 3/3...
 
Error class 1: 0.6268
Error class 2: 0.77494
Error class 3: 0.48338
 
Confusion matrix:
    1    2    3    
1  0.3732     0.16519     0.46161
2  0.3698     0.22506     0.40514
3  0.31246     0.17092     0.51662
 
>>> Total error: 0.71421
 
 
------------------------------------------------------------------------------------------------
 
C = 1.0667, sigma = 1.0667
C 4/10  ||  Sigma 4/10
 
------------------------------------------------------------------------------------------------
 
Starting validation iteration 1/3...
 
Error class 1: 0.33741
Error class 2: 0.72053
Error class 3: 0.77062
 
Confusion matrix:
    1    2    3    
1  0.66259     0.20496     0.13246
2  0.56192     0.27947     0.15861
3  0.54866     0.22196     0.22938
 
>>> Total error: 0.67566
 
Starting validation iteration 2/3...
 
Error class 1: 0.32915
Error class 2: 0.72783
Error class 3: 0.78279
 
Confusion matrix:
    1    2    3    
1  0.67085     0.19914     0.13001
2  0.57962     0.27217     0.14822
3  0.56024     0.22255     0.21721
 
>>> Total error: 0.68154
 
Starting validation iteration 3/3...
 
Error class 1: 0.33772
Error class 2: 0.72823
Error class 3: 0.78101
 
Confusion matrix:
    1    2    3    
1  0.66228      0.2126     0.12511
2  0.5847     0.27177     0.14353
3  0.55816     0.22285     0.21899
 
>>> Total error: 0.68274
 
 
------------------------------------------------------------------------------------------------
 
C = 1.0667, sigma = 1.3889
C 4/10  ||  Sigma 5/10
 
------------------------------------------------------------------------------------------------
 
Starting validation iteration 1/3...
 
Error class 1: 0.37198
Error class 2: 0.69592
Error class 3: 0.76736
 
Confusion matrix:
    1    2    3    
1  0.62802     0.23249     0.13949
2  0.55079     0.30408     0.14513
3  0.50593     0.26142     0.23264
 
>>> Total error: 0.66204
 
Starting validation iteration 2/3...
 
Error class 1: 0.37014
Error class 2: 0.69529
Error class 3: 0.76409
 
Confusion matrix:
    1    2    3    
1  0.62986     0.23249     0.13766
2  0.54816     0.30471     0.14713
3  0.50623     0.25786     0.23591
 
>>> Total error: 0.66088
 
Starting validation iteration 3/3...
 
Error class 1: 0.37045
Error class 2: 0.68107
Error class 3: 0.76855
 
Confusion matrix:
    1    2    3    
1  0.62955     0.23524     0.13521
2  0.54102     0.31893     0.14005
3  0.51306     0.25549     0.23145
 
>>> Total error: 0.65124
 
 
------------------------------------------------------------------------------------------------
 
C = 1.0667, sigma = 1.7111
C 4/10  ||  Sigma 6/10
 
------------------------------------------------------------------------------------------------
 
Starting validation iteration 1/3...
 
Error class 1: 0.40165
Error class 2: 0.66195
Error class 3: 0.75905
 
Confusion matrix:
    1    2    3    
1  0.59835     0.26767     0.13399
2  0.51162     0.33805     0.15033
3  0.47329     0.28576     0.24095
 
>>> Total error: 0.64027
 
Starting validation iteration 2/3...
 
Error class 1: 0.38422
Error class 2: 0.67742
Error class 3: 0.76083
 
Confusion matrix:
    1    2    3    
1  0.61578     0.24778     0.13643
2  0.52035     0.32258     0.15707
3  0.47745     0.28338     0.23917
 
>>> Total error: 0.64937
 
Starting validation iteration 3/3...
 
Error class 1: 0.39278
