Test Results using: 
 
3-fold BALANCED validations.
 
Sigma values: 
  0.1000  0.5000  3.0000 10.0000100.00001000.0000

C values: 
  0.1000  0.5000  3.0000 10.0000100.00001000.0000

With 3 iterations per parameter value.
 
//////////////////////////////////////////////////////////////////////////////////////////////////////////////////////
//////////////////////////////////////////////////////////////////////////////////////////////////////////////////////
 
Starting test 1/10
Folder name: 0BC25B01-7420-DD20-A1C8-3B2BD6C87CB0_1to4255
 
//////////////////////////////////////////////////////////////////////////////////////////////////////////////////////
//////////////////////////////////////////////////////////////////////////////////////////////////////////////////////
 
 
------------------------------------------------------------------------------------------------
 
C = 0.1, sigma = 0.1
C 1/6  ||  Sigma 1/6
 
------------------------------------------------------------------------------------------------
 
Starting validation iteration 1/3...
 
Error class 1: 0.99919
Error class 2: 0
Error class 3: 0.99973
 
Confusion matrix:
    1    2    3    
1  0.00081389     0.99919           0
2  0  1  0
3  0     0.99973  0.00026781
 
>>> Total error: 0.26972
 
Starting validation iteration 2/3...
 
Error class 1: 1
Error class 2: 4.9813e-05
Error class 3: 0.99973
 
Confusion matrix:
    1    2    3    
1  0  1  0
2  0     0.99995  4.9813e-05
3  0     0.99973  0.00026781
 
>>> Total error: 0.26987
 
Starting validation iteration 3/3...
 
Error class 1: 1
Error class 2: 4.9813e-05
Error class 3: 0.99973
 
Confusion matrix:
    1    2    3    
1  0  1  0
2  0     0.99995  4.9813e-05
3  0     0.99973  0.00026781
 
>>> Total error: 0.26987
 
 
------------------------------------------------------------------------------------------------
 
C = 0.1, sigma = 0.5
C 1/6  ||  Sigma 2/6
 
------------------------------------------------------------------------------------------------
 
Starting validation iteration 1/3...
 
Error class 1: 0.99322
Error class 2: 0.062416
Error class 3: 0.66899
 
Confusion matrix:
    1    2    3    
1  0.0067824     0.66061     0.33261
2  0.00029888     0.93758    0.062117
3  0.00026781     0.66872     0.33101
 
>>> Total error: 0.26958
 
Starting validation iteration 2/3...
 
Error class 1: 0.99349
Error class 2: 0.12149
Error class 3: 0.34226
 
Confusion matrix:
    1    2    3    
1  0.0065111     0.33044     0.66305
2  0.00024907     0.87851     0.12125
3  0.00053562     0.34172     0.65774
 
>>> Total error: 0.26838
 
Starting validation iteration 3/3...
 
Error class 1: 0.99376
Error class 2: 0.12667
Error class 3: 0.33369
 
Confusion matrix:
    1    2    3    
1  0.0062398      0.3242     0.66956
2  0.00044832     0.87333     0.12623
3  0.00053562     0.33315     0.66631
 
>>> Total error: 0.27103
 
 
------------------------------------------------------------------------------------------------
 
C = 0.1, sigma = 3
C 1/6  ||  Sigma 3/6
 
------------------------------------------------------------------------------------------------
 
Starting validation iteration 1/3...
 
Error class 1: 0.23576
Error class 2: 0.23641
Error class 3: 0.76406
 
Confusion matrix:
    1    2    3    
1  0.76424      0.1229     0.11286
2  0.14496     0.76359    0.091457
3  0.41618     0.34788     0.23594
 
>>> Total error: 0.30798
 
Starting validation iteration 2/3...
 
Error class 1: 0.23467
Error class 2: 0.24199
Error class 3: 0.75549
 
Confusion matrix:
    1    2    3    
1  0.76533     0.12181     0.11286
2  0.14466     0.75801    0.097335
3  0.41966     0.33583     0.24451
 
>>> Total error: 0.31075
 
Starting validation iteration 3/3...
 
Error class 1: 0.22789
Error class 2: 0.2411
Error class 3: 0.75897
 
Confusion matrix:
    1    2    3    
1  0.77211     0.11666     0.11123
2  0.14745      0.7589    0.093649
3  0.42475     0.33423     0.24103
 
>>> Total error: 0.30966
 
 
------------------------------------------------------------------------------------------------
 
C = 0.1, sigma = 10
C 1/6  ||  Sigma 4/6
 
------------------------------------------------------------------------------------------------
 
Starting validation iteration 1/3...
 
Error class 1: 0.32908
Error class 2: 0.24144
Error class 3: 0.78415
 
Confusion matrix:
    1    2    3    
1  0.67092     0.18937     0.13972
2  0.16946     0.75856     0.07198
3  0.35431     0.42983     0.21585
 
>>> Total error: 0.3269
 
Starting validation iteration 2/3...
 
Error class 1: 0.3242
Error class 2: 0.25479
Error class 3: 0.78281
 
Confusion matrix:
    1    2    3    
1  0.6758     0.18991     0.13429
2  0.17176     0.74521    0.083039
3  0.35351      0.4293     0.21719
 
>>> Total error: 0.33581
 
Starting validation iteration 3/3...
 
Error class 1: 0.33451
Error class 2: 0.24453
Error class 3: 0.78147
 
Confusion matrix:
    1    2    3    
1  0.66549     0.19045     0.14406
2  0.17136     0.75547    0.073176
3  0.35485     0.42662     0.21853
 
>>> Total error: 0.32951
 
 
------------------------------------------------------------------------------------------------
 
C = 0.1, sigma = 100
C 1/6  ||  Sigma 5/6
 
------------------------------------------------------------------------------------------------
 
Starting validation iteration 1/3...
 
Error class 1: 0.41834
Error class 2: 0.35397
Error class 3: 0.88886
 
Confusion matrix:
    1    2    3    
1  0.58166     0.31823     0.10011
2  0.25305     0.64603     0.10092
3  0.33958     0.54928     0.11114
 
>>> Total error: 0.43524
 
Starting validation iteration 2/3...
 
Error class 1: 0.40559
Error class 2: 0.3329
Error class 3: 0.90439
 
Confusion matrix:
    1    2    3    
1  0.59441     0.32393     0.08166
2  0.25514      0.6671    0.077758
3  0.34896     0.55544    0.095608
 
>>> Total error: 0.42026
 
Starting validation iteration 3/3...
 
Error class 1: 0.41346
Error class 2: 0.31407
Error class 3: 0.9301
 
Confusion matrix:
    1    2    3    
1  0.58654     0.34726    0.066196
2  0.252     0.68593    0.062067
3  0.34146     0.58864    0.069898
 
>>> Total error: 0.41106
 
 
------------------------------------------------------------------------------------------------
 
C = 0.1, sigma = 1000
C 1/6  ||  Sigma 6/6
 
------------------------------------------------------------------------------------------------
 
Starting validation iteration 1/3...
 
Error class 1: 0.44683
Error class 2: 0.32244
Error class 3: 0.91671
 
Confusion matrix:
    1    2    3    
1  0.55317     0.36978    0.077048
2  0.1988     0.67756     0.12364
3  0.31012     0.60659    0.083289
 
>>> Total error: 0.41982
 
Starting validation iteration 2/3...
 
Error class 1: 0.42132
Error class 2: 0.35796
Error class 3: 0.87574
 
Confusion matrix:
    1    2    3    
1  0.57868     0.30738     0.11394
2  0.268     0.64204    0.089963
3  0.33798     0.53776     0.12426
 
>>> Total error: 0.43677
 
Starting validation iteration 3/3...
 
Error class 1: 0.42404
Error class 2: 0.33106
Error class 3: 0.91885
 
Confusion matrix:
    1    2    3    
1  0.57596     0.34563    0.078405
2  0.24603     0.66894    0.085031
3  0.33315      0.5857    0.081146
 
>>> Total error: 0.42335
 
 
------------------------------------------------------------------------------------------------
 
C = 0.5, sigma = 0.1
C 2/6  ||  Sigma 1/6
 
------------------------------------------------------------------------------------------------
 
Starting validation iteration 1/3...
 
Error class 1: 1
Error class 2: 4.9813e-05
Error class 3: 0.99973
 
Confusion matrix:
    1    2    3    
1  0  1  0
2  0     0.99995  4.9813e-05
3  0     0.99973  0.00026781
 
>>> Total error: 0.26987
 
Starting validation iteration 2/3...
 
Error class 1: 1
Error class 2: 0
Error class 3: 1
 
Confusion matrix:
    1    2    3    
1  0  1  0
2  0  1  0
3  0  1  0
 
>>> Total error: 0.26987
 
Starting validation iteration 3/3...
 
Error class 1: 1
Error class 2: 4.9813e-05
Error class 3: 0.99946
 
Confusion matrix:
    1    2    3    
1  0     0.99946  0.00054259
2  0     0.99995  4.9813e-05
3  0     0.99946  0.00053562
 
>>> Total error: 0.26983
 
 
------------------------------------------------------------------------------------------------
 
C = 0.5, sigma = 0.5
C 2/6  ||  Sigma 2/6
 
------------------------------------------------------------------------------------------------
 
Starting validation iteration 1/3...
 
Error class 1: 0.99457
Error class 2: 0.11592
Error class 3: 0.34574
 
Confusion matrix:
    1    2    3    
1  0.0054259     0.33017     0.66441
2  0.00034869     0.88408     0.11557
3  0.00053562     0.34521     0.65426
 
>>> Total error: 0.26492
 
Starting validation iteration 2/3...
 
Error class 1: 0.9943
Error class 2: 0.061669
Error class 3: 0.66952
 
Confusion matrix:
    1    2    3    
1  0.0056972     0.66088     0.33342
2  0.00014944     0.93833    0.061519
3  0.00080343     0.66872     0.33048
 
>>> Total error: 0.26925
 
Starting validation iteration 3/3...
 
Error class 1: 0.99512
Error class 2: 0.13156
Error class 3: 0.33289
 
Confusion matrix:
    1    2    3    
1  0.0048833     0.32474     0.67037
2  0.00024907     0.86844     0.13131
3  0.00080343     0.33208     0.66711
 
>>> Total error: 0.27467
 
 
------------------------------------------------------------------------------------------------
 
C = 0.5, sigma = 3
C 2/6  ||  Sigma 3/6
 
------------------------------------------------------------------------------------------------
 
Starting validation iteration 1/3...
 
Error class 1: 0.21487
Error class 2: 0.22605
Error class 3: 0.69604
 
Confusion matrix:
    1    2    3    
1  0.78513     0.10174     0.11313
2  0.12384     0.77395     0.10222
3  0.3827     0.31334     0.30396
 
>>> Total error: 0.28838
 
Starting validation iteration 2/3...
 
Error class 1: 0.21243
Error class 2: 0.21948
Error class 3: 0.71585
 
Confusion matrix:
    1    2    3    
1  0.78757     0.10391     0.10852
2  0.12349     0.78052     0.09599
3  0.38645     0.32941     0.28415
 
>>> Total error: 0.28594
 
Starting validation iteration 3/3...
 
Error class 1: 0.22056
Error class 2: 0.22431
Error class 3: 0.68934
 
Confusion matrix:
    1    2    3    
1  0.77944     0.10499     0.11557
2  0.12369     0.77569     0.10062
3  0.37279     0.31655     0.31066
 
>>> Total error: 0.28696
 
 
------------------------------------------------------------------------------------------------
 
C = 0.5, sigma = 10
C 2/6  ||  Sigma 4/6
 
------------------------------------------------------------------------------------------------
 
Starting validation iteration 1/3...
 
Error class 1: 0.30304
Error class 2: 0.23582
Error class 3: 0.75522
 
Confusion matrix:
    1    2    3    
1  0.69696     0.16576     0.13728
2  0.15014     0.76418    0.085679
3  0.3511     0.40412     0.24478
 
>>> Total error: 0.31537
 
Starting validation iteration 2/3...
 
Error class 1: 0.29924
Error class 2: 0.24374
Error class 3: 0.73728
 
Confusion matrix:
    1    2    3    
1  0.70076     0.16224       0.137
2  0.14914     0.75626    0.094595
3  0.35324     0.38404     0.26272
 
>>> Total error: 0.3182
 
Starting validation iteration 3/3...
 
Error class 1: 0.30548
Error class 2: 0.23711
Error class 3: 0.73862
 
Confusion matrix:
    1    2    3    
1  0.69452     0.16088      0.1446
2  0.1473     0.76289    0.089813
3  0.3519     0.38672     0.26138
 
>>> Total error: 0.31438
 
 
------------------------------------------------------------------------------------------------
 
C = 0.5, sigma = 100
C 2/6  ||  Sigma 5/6
 
------------------------------------------------------------------------------------------------
 
Starting validation iteration 1/3...
 
Error class 1: 0.43869
Error class 2: 0.36299
Error class 3: 0.86958
 
Confusion matrix:
    1    2    3    
1  0.56131     0.31281     0.12588
2  0.25519     0.63701      0.1078
3  0.32485     0.54472     0.13042
 
>>> Total error: 0.44193
 
Starting validation iteration 2/3...
 
Error class 1: 0.43462
Error class 2: 0.33913
Error class 3: 0.8819
 
Confusion matrix:
    1    2    3    
1  0.56538     0.32176     0.11286
2  0.25599     0.66087    0.083138
3  0.32646     0.55544      0.1181
 
>>> Total error: 0.42564
 
Starting validation iteration 3/3...
 
Error class 1: 0.40369
Error class 2: 0.33729
Error class 3: 0.90091
 
Confusion matrix:
    1    2    3    
1  0.59631     0.31389    0.089799
2  0.25081     0.66271    0.086476
3  0.35592     0.54499    0.099089
 
>>> Total error: 0.42273
 
 
------------------------------------------------------------------------------------------------
 
C = 0.5, sigma = 1000
C 2/6  ||  Sigma 6/6
 
------------------------------------------------------------------------------------------------
 
Starting validation iteration 1/3...
 
Error class 1: 0.41807
Error class 2: 0.34187
Error class 3: 0.89877
 
Confusion matrix:
    1    2    3    
1  0.58193     0.31823    0.099837
2  0.25883     0.65813    0.083039
3  0.33958     0.55919     0.10123
 
>>> Total error: 0.42771
 
Starting validation iteration 2/3...
 
Error class 1: 0.40939
Error class 2: 0.36932
Error class 3: 0.89288
 
Confusion matrix:
    1    2    3    
1  0.59061     0.31579    0.093597
2  0.28423     0.63068    0.085081
3  0.35083     0.54205     0.10712
 
>>> Total error: 0.44579
 
Starting validation iteration 3/3...
 
Error class 1: 0.41319
Error class 2: 0.334
Error class 3: 0.91002
 
Confusion matrix:
    1    2    3    
1  0.58681     0.32556    0.087629
2  0.25684       0.666    0.077161
3  0.34628     0.56374    0.089984
 
>>> Total error: 0.42284
 
 
------------------------------------------------------------------------------------------------
 
C = 3, sigma = 0.1
C 3/6  ||  Sigma 1/6
 
------------------------------------------------------------------------------------------------
 
Starting validation iteration 1/3...
 
Error class 1: 0.6663
Error class 2: 0.87761
Error class 3: 0.99973
 
Confusion matrix:
    1    2    3    
1  0.3337     0.66576  0.00054259
2  0.87761     0.12239           0
3  0.34226     0.65747  0.00026781
 
>>> Total error: 0.86587
 
Starting validation iteration 2/3...
 
Error class 1: 0.99973
Error class 2: 4.9813e-05
Error class 3: 0.99973
 
Confusion matrix:
    1    2    3    
1  0.0002713     0.99919  0.00054259
2  0     0.99995  4.9813e-05
3  0     0.99973  0.00026781
 
>>> Total error: 0.26983
 
Starting validation iteration 3/3...
 
Error class 1: 0.6663
Error class 2: 0.87756
Error class 3: 0.99973
 
Confusion matrix:
    1    2    3    
1  0.3337      0.6663           0
2  0.87756     0.12244           0
3  0.34199     0.65774  0.00026781
 
>>> Total error: 0.86583
 
 
------------------------------------------------------------------------------------------------
 
C = 3, sigma = 0.5
C 3/6  ||  Sigma 2/6
 
------------------------------------------------------------------------------------------------
 
Starting validation iteration 1/3...
 
Error class 1: 0.33885
Error class 2: 0.78406
Error class 3: 0.60284
 
Confusion matrix:
    1    2    3    
1  0.66115   0.0054259     0.33342
2  0.57235     0.21594     0.21171
3  0.57392    0.028923     0.39716
 
>>> Total error: 0.69976
 
Starting validation iteration 2/3...
 
Error class 1: 0.35133
Error class 2: 0.79402
Error class 3: 0.58115
 
Confusion matrix:
    1    2    3    
1  0.64867   0.0048833     0.34645
2  0.60682     0.20598      0.1872
3  0.55249    0.028656     0.41885
 
>>> Total error: 0.70576
 
Starting validation iteration 3/3...
 
Error class 1: 0.33614
Error class 2: 0.7876
Error class 3: 0.60927
 
Confusion matrix:
    1    2    3    
1  0.66386   0.0051546     0.33098
2  0.58132      0.2124     0.20628
3  0.58088    0.028388     0.39073
 
>>> Total error: 0.70286
 
 
------------------------------------------------------------------------------------------------
 
C = 3, sigma = 3
C 3/6  ||  Sigma 3/6
 
------------------------------------------------------------------------------------------------
 
Starting validation iteration 1/3...
 
Error class 1: 0.21921
Error class 2: 0.21405
Error class 3: 0.66443
 
Confusion matrix:
    1    2    3    
1  0.78079    0.096582     0.12263
2  0.11656     0.78595    0.097484
3  0.34762     0.31682     0.33557
 
>>> Total error: 0.2759
 
Starting validation iteration 2/3...
 
Error class 1: 0.22409
Error class 2: 0.21898
Error class 3: 0.65345
 
Confusion matrix:
    1    2    3    
1  0.77591    0.099566     0.12453
2  0.12085     0.78102    0.098132
3  0.3436     0.30986     0.34655
 
>>> Total error: 0.27867
 
Starting validation iteration 3/3...
 
Error class 1: 0.22056
Error class 2: 0.21664
Error class 3: 0.65961
 
Confusion matrix:
    1    2    3    
1  0.77944     0.10445     0.11612
2  0.12105     0.78336    0.095592
3  0.34413     0.31548     0.34039
 
>>> Total error: 0.27732
 
 
------------------------------------------------------------------------------------------------
 
C = 3, sigma = 10
C 3/6  ||  Sigma 4/6
 
------------------------------------------------------------------------------------------------
 
Starting validation iteration 1/3...
 
Error class 1: 0.27672
Error class 2: 0.21425
Error class 3: 0.74531
 
Confusion matrix:
    1    2    3    
1  0.72328     0.15003      0.1267
2  0.12648     0.78575    0.087771
3  0.34708     0.39823     0.25469
 
>>> Total error: 0.29474
 
Starting validation iteration 2/3...
 
Error class 1: 0.27835
Error class 2: 0.20443
Error class 3: 0.74049
 
Confusion matrix:
    1    2    3    
1  0.72165     0.14677     0.13158
2  0.12035     0.79557    0.084085
3  0.34039     0.40011     0.25951
 
>>> Total error: 0.28714
 
Starting validation iteration 3/3...
 
Error class 1: 0.27347
Error class 2: 0.2129
Error class 3: 0.74264
 
Confusion matrix:
    1    2    3    
1  0.72653     0.14596     0.12751
2  0.12408      0.7871    0.088817
3  0.34922     0.39341     0.25736
 
>>> Total error: 0.29296
 
 
------------------------------------------------------------------------------------------------
 
C = 3, sigma = 100
C 3/6  ||  Sigma 5/6
 
------------------------------------------------------------------------------------------------
 
Starting validation iteration 1/3...
 
Error class 1: 0.34997
Error class 2: 0.35831
Error class 3: 0.82191
 
Confusion matrix:
    1    2    3    
1  0.65003     0.22925     0.12073
2  0.2541     0.64169     0.10421
3  0.38029     0.44162     0.17809
 
>>> Total error: 0.42015
 
Starting validation iteration 2/3...
 
Error class 1: 0.34807
Error class 2: 0.36379
Error class 3: 0.8278
 
Confusion matrix:
    1    2    3    
1  0.65193     0.23087      0.1172
2  0.26296     0.63621     0.10082
3  0.38538     0.44242      0.1722
 
>>> Total error: 0.4247
 
Starting validation iteration 3/3...
 
Error class 1: 0.35024
Error class 2: 0.36399
Error class 3: 0.80878
 
Confusion matrix:
    1    2    3    
1  0.64976     0.22518     0.12507
2  0.25828     0.63601      0.1057
3  0.3819     0.42689     0.19122
 
>>> Total error: 0.42255
 
 
------------------------------------------------------------------------------------------------
 
C = 3, sigma = 1000
C 3/6  ||  Sigma 6/6
 
------------------------------------------------------------------------------------------------
 
Starting validation iteration 1/3...
 
Error class 1: 0.41915
Error class 2: 0.34665
Error class 3: 0.891
 
Confusion matrix:
    1    2    3    
1  0.58085     0.31796     0.10119
2  0.25729     0.65335    0.089365
3  0.3436      0.5474       0.109
 
>>> Total error: 0.4303
 
Starting validation iteration 2/3...
 
Error class 1: 0.44249
Error class 2: 0.31482
Error class 3: 0.87841
 
Confusion matrix:
    1    2    3    
1  0.55751      0.3261     0.11639
2  0.22127     0.68518    0.093549
3  0.31896     0.55945     0.12159
 
>>> Total error: 0.40847
 
Starting validation iteration 3/3...
 
Error class 1: 0.42919
Error class 2: 0.3196
Error class 3: 0.90546
 
Confusion matrix:
    1    2    3    
1  0.57081     0.34211    0.087086
2  0.23472      0.6804    0.084882
3  0.32485     0.58061    0.094537
 
>>> Total error: 0.41386
 
 
------------------------------------------------------------------------------------------------
 
C = 10, sigma = 0.1
C 4/6  ||  Sigma 1/6
 
------------------------------------------------------------------------------------------------
 
Starting validation iteration 1/3...
 
Error class 1: 0.66685
Error class 2: 0.12234
Error class 3: 0.67113
 
Confusion matrix:
    1    2    3    
1  0.33315      0.3337     0.33315
2  0.061171     0.87766    0.061171
3  0.32887     0.34226     0.32887
 
>>> Total error: 0.26987
 
Starting validation iteration 2/3...
 
Error class 1: 0.6663
Error class 2: 0.87761
Error class 3: 0.99973
 
Confusion matrix:
    1    2    3    
1  0.3337     0.66549  0.00081389
2  0.87761     0.12239           0
3  0.34226     0.65747  0.00026781
 
>>> Total error: 0.86587
 
Starting validation iteration 3/3...
 
Error class 1: 0.33315
Error class 2: 0.93873
Error class 3: 0.99973
 
Confusion matrix:
    1    2    3    
1  0.66685     0.33315           0
2  0.93873     0.06127           0
3  0.67086     0.32887  0.00026781
 
>>> Total error: 0.86583
 
 
------------------------------------------------------------------------------------------------
 
C = 10, sigma = 0.5
C 4/6  ||  Sigma 2/6
 
------------------------------------------------------------------------------------------------
 
Starting validation iteration 1/3...
 
Error class 1: 0.33587
Error class 2: 0.79427
Error class 3: 0.61382
 
Confusion matrix:
    1    2    3    
1  0.66413   0.0043407     0.33152
2  0.58247     0.20573     0.21181
3  0.58597    0.027852     0.38618
 
>>> Total error: 0.70831
 
Starting validation iteration 2/3...
 
Error class 1: 0.33641
Error class 2: 0.79397
Error class 3: 0.61596
 
Confusion matrix:
    1    2    3    
1  0.66359    0.004612      0.3318
2  0.63064     0.20603     0.16334
3  0.58623    0.029727     0.38404
 
>>> Total error: 0.70846
 
Starting validation iteration 3/3...
 
Error class 1: 0.33831
Error class 2: 0.79208
Error class 3: 0.61087
 
Confusion matrix:
    1    2    3    
1  0.66169   0.0043407     0.33397
2  0.62451     0.20792     0.16757
3  0.58141    0.029459     0.38913
 
>>> Total error: 0.70664
 
 
------------------------------------------------------------------------------------------------
 
C = 10, sigma = 3
C 4/6  ||  Sigma 3/6
 
------------------------------------------------------------------------------------------------
 
Starting validation iteration 1/3...
 
Error class 1: 0.21405
Error class 2: 0.24408
Error class 3: 0.66149
 
Confusion matrix:
    1    2    3    
1  0.78595    0.098481     0.11557
2  0.13818     0.75592      0.1059
3  0.3602     0.30129     0.33851
 
>>> Total error: 0.29674
 
Starting validation iteration 2/3...
 
Error class 1: 0.22491
Error class 2: 0.23731
Error class 3: 0.66015
 
Confusion matrix:
    1    2    3    
1  0.77509     0.10391       0.121
2  0.13763     0.76269    0.099676
3  0.35994     0.30021     0.33985
 
>>> Total error: 0.29307
 
Starting validation iteration 3/3...
 
Error class 1: 0.22382
Error class 2: 0.2404
Error class 3: 0.67113
 
Confusion matrix:
    1    2    3    
1  0.77618     0.10147     0.12235
2  0.14257      0.7596    0.097833
3  0.36235     0.30878     0.32887
 
>>> Total error: 0.29667
 
 
------------------------------------------------------------------------------------------------
 
C = 10, sigma = 10
C 4/6  ||  Sigma 4/6
 
------------------------------------------------------------------------------------------------
 
Starting validation iteration 1/3...
 
Error class 1: 0.27509
Error class 2: 0.19283
Error class 3: 0.71184
 
Confusion matrix:
    1    2    3    
1  0.72491     0.13619      0.1389
2  0.10984     0.80717    0.082989
3  0.32378     0.38806     0.28816
 
>>> Total error: 0.27434
 
Starting validation iteration 2/3...
 
Error class 1: 0.26804
Error class 2: 0.19636
Error class 3: 0.71452
 
Confusion matrix:
    1    2    3    
1  0.73196       0.137     0.13104
2  0.11333     0.80364    0.083039
3  0.32566     0.38886     0.28548
 
>>> Total error: 0.27634
 
Starting validation iteration 3/3...
 
Error class 1: 0.26099
Error class 2: 0.19472
Error class 3: 0.72148
 
Confusion matrix:
    1    2    3    
1  0.73901     0.13673     0.12425
2  0.11427     0.80528    0.080448
3  0.327     0.39448     0.27852
 
>>> Total error: 0.27514
 
 
------------------------------------------------------------------------------------------------
 
C = 10, sigma = 100
C 4/6  ||  Sigma 5/6
 
------------------------------------------------------------------------------------------------
 
Starting validation iteration 1/3...
 
Error class 1: 0.33152
Error class 2: 0.39651
Error class 3: 0.73648
 
Confusion matrix:
    1    2    3    
1  0.66848     0.18475     0.14677
2  0.267     0.60349     0.12951
3  0.39582     0.34065     0.26352
 
>>> Total error: 0.43397
 
Starting validation iteration 2/3...
 
Error class 1: 0.32746
Error class 2: 0.39337
Error class 3: 0.73621
 
Confusion matrix:
    1    2    3    
1  0.67254     0.17933     0.14813
2  0.2666     0.60663     0.12677
3  0.40332     0.33289     0.26379
 
>>> Total error: 0.4311
 
Starting validation iteration 3/3...
 
Error class 1: 0.32447
Error class 2: 0.40324
Error class 3: 0.73648
 
Confusion matrix:
    1    2    3    
1  0.67553     0.17797      0.1465
2  0.26804     0.59676     0.13519
3  0.4068     0.32967     0.26352
 
>>> Total error: 0.43793
 
 
------------------------------------------------------------------------------------------------
 
C = 10, sigma = 1000
C 4/6  ||  Sigma 6/6
 
------------------------------------------------------------------------------------------------
 
Starting validation iteration 1/3...
 
Error class 1: 0.41129
Error class 2: 0.35427
Error class 3: 0.88377
 
Confusion matrix:
    1    2    3    
1  0.58871     0.31009     0.10119
2  0.25988     0.64573    0.094396
3  0.34306     0.54071     0.11623
 
>>> Total error: 0.43382
 
Starting validation iteration 2/3...
 
Error class 1: 0.41997
Error class 2: 0.35721
Error class 3: 0.8744
 
Confusion matrix:
    1    2    3    
1  0.58003     0.30901     0.11096
2  0.24991     0.64279      0.1073
3  0.33583     0.53856      0.1256
 
>>> Total error: 0.43586
 
Starting validation iteration 3/3...
 
Error class 1: 0.41101
Error class 2: 0.35168
Error class 3: 0.89877
 
Confusion matrix:
    1    2    3    
1  0.58899      0.3223    0.088714
2  0.25111     0.64832     0.10057
3  0.34628     0.55249     0.10123
 
>>> Total error: 0.43393
 
 
------------------------------------------------------------------------------------------------
 
C = 100, sigma = 0.1
C 5/6  ||  Sigma 1/6
 
------------------------------------------------------------------------------------------------
 
Starting validation iteration 1/3...
 
Error class 1: 0.6663
Error class 2: 0.87766
Error class 3: 1
 
Confusion matrix:
    1    2    3    
1  0.3337      0.6663           0
2  0.87766     0.12234           0
3  0.34226     0.65774           0
 
>>> Total error: 0.86594
 
Starting validation iteration 2/3...
 
Error class 1: 0.66603
Error class 2: 0.87761
Error class 3: 0.99973
 
Confusion matrix:
    1    2    3    
1  0.33397     0.66603           0
2  0.87761     0.12239           0
3  0.34226     0.65747  0.00026781
 
>>> Total error: 0.86583
 
Starting validation iteration 3/3...
 
Error class 1: 0.6663
Error class 2: 0.87761
Error class 3: 0.99973
 
Confusion matrix:
    1    2    3    
1  0.3337     0.66603   0.0002713
2  0.87761     0.12239           0
3  0.34226     0.65747  0.00026781
 
>>> Total error: 0.86587
 
 
------------------------------------------------------------------------------------------------
 
C = 100, sigma = 0.5
C 5/6  ||  Sigma 2/6
 
------------------------------------------------------------------------------------------------
 
Starting validation iteration 1/3...
 
Error class 1: 0.03554
Error class 2: 0.78785
Error class 3: 0.8677
 
Confusion matrix:
    1    2    3    
1  0.96446   0.0035269    0.032013
2  0.61958     0.21215     0.16827
3  0.83771    0.029995      0.1323
 
>>> Total error: 0.69784
 
Starting validation iteration 2/3...
 
Error class 1: 0.036625
Error class 2: 0.78346
Error class 3: 0.87199
 
Confusion matrix:
    1    2    3    
1  0.96337   0.0040695    0.032556
2  0.63716     0.21654      0.1463
3  0.84172    0.030262     0.12801
 
>>> Total error: 0.69536
 
Starting validation iteration 3/3...
 
Error class 1: 0.33505
Error class 2: 0.8011
Error class 3: 0.62989
 
Confusion matrix:
    1    2    3    
1  0.66495    0.004612     0.33044
2  0.64817      0.1989     0.15293
3  0.6007    0.029191     0.37011
 
>>> Total error: 0.71537
 
 
------------------------------------------------------------------------------------------------
 
C = 100, sigma = 3
C 5/6  ||  Sigma 3/6
 
------------------------------------------------------------------------------------------------
 
Starting validation iteration 1/3...
 
Error class 1: 0.21622
Error class 2: 0.30635
Error class 3: 0.67729
 
Confusion matrix:
    1    2    3    
1  0.78378    0.093326      0.1229
2  0.18605     0.69365      0.1203
3  0.40332     0.27397     0.32271
 
>>> Total error: 0.34464
 
Starting validation iteration 2/3...
 
Error class 1: 0.21622
Error class 2: 0.30197
Error class 3: 0.6789
 
Confusion matrix:
    1    2    3    
1  0.78378     0.10418     0.11205
2  0.1854     0.69803     0.11656
3  0.40118     0.27772      0.3211
 
>>> Total error: 0.34166
 
Starting validation iteration 3/3...
 
Error class 1: 0.22111
Error class 2: 0.30276
Error class 3: 0.67916
 
Confusion matrix:
    1    2    3    
1  0.77889    0.097396     0.12371
2  0.18306     0.69724      0.1197
3  0.41136     0.26781     0.32084
 
>>> Total error: 0.34294
 
 
------------------------------------------------------------------------------------------------
 
C = 100, sigma = 10
C 5/6  ||  Sigma 4/6
 
------------------------------------------------------------------------------------------------
 
Starting validation iteration 1/3...
 
Error class 1: 0.25393
Error class 2: 0.20015
Error class 3: 0.67622
 
Confusion matrix:
    1    2    3    
1  0.74607     0.12263     0.13131
2  0.11108     0.79985    0.089066
3  0.31227     0.36395     0.32378
 
>>> Total error: 0.27201
 
Starting validation iteration 2/3...
 
Error class 1: 0.23657
Error class 2: 0.1991
Error class 3: 0.68157
 
Confusion matrix:
    1    2    3    
1  0.76343     0.11557       0.121
2  0.11044      0.8009    0.088667
3  0.31896     0.36261     0.31843
 
>>> Total error: 0.26965
 
Starting validation iteration 3/3...
 
Error class 1: 0.25529
Error class 2: 0.20289
Error class 3: 0.66872
 
Confusion matrix:
    1    2    3    
1  0.74471      0.1248     0.13049
2  0.10979     0.79711    0.093101
3  0.30477     0.36395     0.33128
 
>>> Total error: 0.27318
 
 
------------------------------------------------------------------------------------------------
 
C = 100, sigma = 100
C 5/6  ||  Sigma 5/6
 
------------------------------------------------------------------------------------------------
 
Starting validation iteration 1/3...
 
Error class 1: 0.31932
Error class 2: 0.39741
Error class 3: 0.70005
 
Confusion matrix:
    1    2    3    
1  0.68068     0.16441     0.15491
2  0.25853     0.60259     0.13888
3  0.40439     0.29566     0.29995
 
>>> Total error: 0.42804
 
Starting validation iteration 2/3...
 
Error class 1: 0.32176
Error class 2: 0.39487
Error class 3: 0.70086
 
Confusion matrix:
    1    2    3    
1  0.67824     0.16603     0.15572
2  0.25709     0.60513     0.13778
3  0.40627     0.29459     0.29914
 
>>> Total error: 0.42662
 
Starting validation iteration 3/3...
 
Error class 1: 0.31905
Error class 2: 0.39577
Error class 3: 0.69148
 
Confusion matrix:
    1    2    3    
1  0.68095     0.15925     0.15979
2  0.25998     0.60423     0.13579
3  0.39823     0.29325     0.30852
 
>>> Total error: 0.42564
 
 
------------------------------------------------------------------------------------------------
 
C = 100, sigma = 1000
C 5/6  ||  Sigma 6/6
 
------------------------------------------------------------------------------------------------
 
Starting validation iteration 1/3...
 
Error class 1: 0.45225
Error class 2: 0.2801
Error class 3: 0.89234
 
Confusion matrix:
    1    2    3    
1  0.54775     0.35323    0.099023
2  0.18989      0.7199    0.090212
3  0.2962     0.59614     0.10766
 
>>> Total error: 0.38632
 
Starting validation iteration 2/3...
 
Error class 1: 0.45117
Error class 2: 0.29026
Error class 3: 0.91028
 
Confusion matrix:
    1    2    3    
1  0.54883     0.36625    0.084916
2  0.20897     0.70974    0.081295
3  0.30289     0.60739    0.089716
 
>>> Total error: 0.39604
 
Starting validation iteration 3/3...
 
Error class 1: 0.46012
Error class 2: 0.27073
Error class 3: 0.89341
 
Confusion matrix:
    1    2    3    
1  0.53988     0.35974     0.10038
2  0.17021     0.72927     0.10052
3  0.28682     0.60659     0.10659
 
>>> Total error: 0.38069
 
 
------------------------------------------------------------------------------------------------
 
C = 1000, sigma = 0.1
C 6/6  ||  Sigma 1/6
 
------------------------------------------------------------------------------------------------
 
Starting validation iteration 1/3...
 
Error class 1: 0.99973
Error class 2: 0.061171
Error class 3: 0.67113
 
Confusion matrix:
    1    2    3    
1  0.0002713     0.66658     0.33315
2  0     0.93883    0.061171
3  0     0.67113     0.32887
 
>>> Total error: 0.26983
 
Starting validation iteration 2/3...
 
Error class 1: 0.66685
Error class 2: 0.061171
Error class 3: 1
 
Confusion matrix:
    1    2    3    
1  0.33315     0.66658   0.0002713
2  0.061171     0.93883           0
3  0.32887     0.67113           0
 
>>> Total error: 0.26987
 
Starting validation iteration 3/3...
 
Error class 1: 0.99973
Error class 2: 0
Error class 3: 0.99973
 
Confusion matrix:
    1    2    3    
1  0.0002713     0.99973           0
2  0  1  0
3  0     0.99973  0.00026781
 
>>> Total error: 0.26979
 
 
------------------------------------------------------------------------------------------------
 
C = 1000, sigma = 0.5
C 6/6  ||  Sigma 2/6
 
------------------------------------------------------------------------------------------------
 
Starting validation iteration 1/3...
 
Error class 1: 0.33885
Error class 2: 0.78461
Error class 3: 0.61221
 
Confusion matrix:
    1    2    3    
1  0.66115   0.0048833     0.33397
2  0.5743     0.21539     0.21031
3  0.58302    0.029191     0.38779
 
>>> Total error: 0.70144
 
Starting validation iteration 2/3...
 
Error class 1: 0.34102
Error class 2: 0.7864
Error class 3: 0.60043
 
Confusion matrix:
    1    2    3    
1  0.65898   0.0048833     0.33614
2  0.58585      0.2136     0.20055
3  0.57258    0.027852     0.39957
 
>>> Total error: 0.70144
 
Starting validation iteration 3/3...
 
Error class 1: 0.33424
Error class 2: 0.79577
Error class 3: 0.62239
 
Confusion matrix:
    1    2    3    
1  0.66576   0.0043407      0.3299
2  0.63527     0.20423      0.1605
3  0.59454    0.027852     0.37761
 
>>> Total error: 0.71035
 
 
------------------------------------------------------------------------------------------------
 
C = 1000, sigma = 3
C 6/6  ||  Sigma 3/6
 
------------------------------------------------------------------------------------------------
 
Starting validation iteration 1/3...
 
Error class 1: 0.22056
Error class 2: 0.31318
Error class 3: 0.67033
 
Confusion matrix:
    1    2    3    
1  0.77944    0.099566       0.121
2  0.19029     0.68682     0.12289
3  0.41082     0.25951     0.32967
 
>>> Total error: 0.34926
 
Starting validation iteration 2/3...
 
Error class 1: 0.22219
Error class 2: 0.31293
Error class 3: 0.67327
 
Confusion matrix:
    1    2    3    
1  0.77781    0.093597     0.12859
2  0.19238     0.68707     0.12055
3  0.40841     0.26486     0.32673
 
>>> Total error: 0.3497
 
Starting validation iteration 3/3...
 
Error class 1: 0.22056
Error class 2: 0.31034
Error class 3: 0.68265
 
Confusion matrix:
    1    2    3    
1  0.77944     0.10147      0.1191
2  0.18655     0.68966     0.12379
3  0.41939     0.26326     0.31735
 
>>> Total error: 0.34886
 
 
------------------------------------------------------------------------------------------------
 
C = 1000, sigma = 10
C 6/6  ||  Sigma 4/6
 
------------------------------------------------------------------------------------------------
 
Starting validation iteration 1/3...
 
Error class 1: 0.23277
Error class 2: 0.21534
Error class 3: 0.66952
 
Confusion matrix:
    1    2    3    
1  0.76723     0.11232     0.12046
2  0.12234     0.78466    0.093001
3  0.33315     0.33637     0.33048
 
>>> Total error: 0.27936
 
Starting validation iteration 2/3...
 
Error class 1: 0.23521
Error class 2: 0.20976
Error class 3: 0.66497
 
Confusion matrix:
    1    2    3    
1  0.76479     0.11449     0.12073
2  0.11955     0.79024    0.090212
3  0.327     0.33798     0.33503
 
>>> Total error: 0.275
 
Starting validation iteration 3/3...
 
Error class 1: 0.23087
Error class 2: 0.21544
Error class 3: 0.66443
 
Confusion matrix:
    1    2    3    
1  0.76913     0.11015     0.12073
2  0.12633     0.78456    0.089116
3  0.33021     0.33423     0.33557
 
>>> Total error: 0.27849
 
 
------------------------------------------------------------------------------------------------
 
C = 1000, sigma = 100
C 6/6  ||  Sigma 5/6
 
------------------------------------------------------------------------------------------------
 
Starting validation iteration 1/3...
 
Error class 1: 0.30928
Error class 2: 0.31457
Error class 3: 0.71907
 
Confusion matrix:
    1    2    3    
1  0.69072     0.16603     0.14324
2  0.20747     0.68543      0.1071
3  0.37975     0.33931     0.28093
 
>>> Total error: 0.36879
 
Starting validation iteration 2/3...
 
Error class 1: 0.31905
Error class 2: 0.31402
Error class 3: 0.70862
 
Confusion matrix:
    1    2    3    
1  0.68095     0.17065      0.1484
2  0.20269     0.68598     0.11133
3  0.3661     0.34253     0.29138
 
>>> Total error: 0.36829
 
Starting validation iteration 3/3...
 
Error class 1: 0.31199
Error class 2: 0.32667
Error class 3: 0.70166
 
Confusion matrix:
    1    2    3    
1  0.68801     0.15979      0.1522
2  0.20922     0.67333     0.11746
3  0.37868     0.32298     0.29834
 
>>> Total error: 0.37563
 
 
------------------------------------------------------------------------------------------------
 
C = 1000, sigma = 1000
C 6/6  ||  Sigma 6/6
 
------------------------------------------------------------------------------------------------
 
Starting validation iteration 1/3...
 
Error class 1: 0.328
Error class 2: 0.39587
Error class 3: 0.74076
 
Confusion matrix:
    1    2    3    
1  0.672     0.18828     0.13972
2  0.26785     0.60413     0.12802
3  0.40332     0.33744     0.25924
 
>>> Total error: 0.43361
 
Starting validation iteration 2/3...
 
Error class 1: 0.33098
Error class 2: 0.39437
Error class 3: 0.74264
 
Confusion matrix:
    1    2    3    
1  0.66902     0.18747     0.14352
2  0.26526     0.60563     0.12912
3  0.40975     0.33289     0.25736
 
>>> Total error: 0.43317
 
Starting validation iteration 3/3...
 
Error class 1: 0.32963
Error class 2: 0.40374
Error class 3: 0.72844
 
Confusion matrix:
    1    2    3    
1  0.67037      0.1777     0.15193
2  0.26804     0.59626     0.13569
3  0.40573     0.32271     0.27156
 
>>> Total error: 0.4379
 
##################################################################
 
Sigma values: 
  0.1000  0.5000  3.0000 10.0000100.00001000.0000

C values: 
  0.1000  0.5000  3.0000 10.0000100.00001000.0000

Rows -> Sigma, Columns -> C
Mean error: 
  0.2698  0.2699  0.6672  0.6672  0.8659  0.2698
  0.2697  0.2696  0.7028  0.7078  0.7029  0.7044
